1/3/2007	87.63	12.04	11.57
1/4/2007	88.19	11.51	11.19
1/5/2007	90.17	12.14	11.87
1/8/2007	92.04	12.00	11.42
1/9/2007	92.76	11.91	11.83
1/10/2007	93.78	11.47	11.32
1/11/2007	85.97	10.87	10.59
1/12/2007	85.18	10.15	10.24
1/16/2007	85.3	10.74	10.47
1/17/2007	84.93	10.59	10.00
1/18/2007	83.66	10.85	10.31
1/19/2007	82.49	10.40	9.75
1/22/2007	84.43	10.77	10.15
1/23/2007	81.48	10.34	9.66
1/24/2007	77.51	9.89	9.05
1/25/2007	80.45	11.22	10.79
1/26/2007	81.36	11.13	10.71
1/29/2007	81.68	11.45	10.82
1/30/2007	78.9	10.96	10.66
1/31/2007	77.28	10.42	10.14
2/1/2007	73.5	10.31	9.96
2/2/2007	72.44	10.08	9.79
2/5/2007	70.29	10.55	9.99
2/6/2007	68.55	10.65	10.00
2/7/2007	70.32	10.32	9.72
2/8/2007	73.18	10.44	10.09
2/9/2007	74.39	11.10	10.86
2/12/2007	79.12	11.61	11.37
2/13/2007	75.72	10.34	9.99
2/14/2007	74	10.23	9.73
2/15/2007	70.34	10.22	9.88
2/16/2007	70.74	10.02	9.66
2/20/2007	65.87	10.24	9.95
2/21/2007	67.37	10.20	9.94
2/22/2007	66.05	10.18	10.11
2/23/2007	70.71	10.58	10.60
2/26/2007	70.33	11.15	11.07
2/27/2007	110.42	18.31	18.85
2/28/2007	91.64	15.42	15.93
3/1/2007	99.47	15.82	16.21
3/2/2007	104.17	18.61	19.12
3/5/2007	101.2	19.63	20.50
3/6/2007	93.65	15.96	15.94
3/7/2007	94.41	15.24	15.66
3/8/2007	93.97	14.29	15.01
3/9/2007	91.82	14.09	14.25
3/12/2007	90.02	13.99	13.56
3/13/2007	94.53	18.13	17.57
3/14/2007	98.08	17.27	16.39
3/15/2007	99.55	16.43	15.22
3/16/2007	102.74	16.79	16.39
3/19/2007	93.9	14.59	14.00
3/20/2007	89.55	13.27	13.00
3/21/2007	94.13	12.19	11.45
3/22/2007	95.52	12.93	12.28
3/23/2007	96.37	12.95	12.34
3/26/2007	95.95	13.16	12.24
3/27/2007	101	13.48	13.00
3/28/2007	104.79	14.98	14.97
3/29/2007	102.31	15.14	14.76
3/30/2007	99.78	14.64	14.41
4/2/2007	98.92	14.53	13.79
4/3/2007	94.98	13.46	12.68
4/4/2007	96.12	13.24	12.34
4/5/2007	93.6	13.23	12.05
4/9/2007	92.3	13.14	12.29
4/10/2007	87.37	12.68	11.73
4/11/2007	93.47	13.49	12.65
4/12/2007	91.38	12.71	11.97
4/13/2007	88.71	12.20	11.51
4/16/2007	83.98	11.98	11.25
4/17/2007	83.68	12.14	11.43
4/18/2007	80.59	12.42	11.73
4/19/2007	77.91	12.54	12.26
4/20/2007	79.18	12.07	11.67
4/23/2007	79.33	13.04	12.49
4/24/2007	77.83	13.12	12.56
4/25/2007	80.79	13.21	12.58
4/26/2007	81.67	12.79	12.55
4/27/2007	80.66	12.45	12.05
4/30/2007	85.33	14.22	13.34
5/1/2007	81.28	13.51	12.86
5/2/2007	82.59	13.08	12.53
5/3/2007	78.81	13.09	12.78
5/4/2007	77.1	12.91	12.66
5/7/2007	78.51	13.15	12.66
5/8/2007	79.9	13.21	12.96
5/9/2007	85.89	12.88	12.48
5/10/2007	83.58	13.60	14.00
5/11/2007	79.47	12.95	12.91
5/14/2007	82.02	13.96	14.09
5/15/2007	76.68	14.01	13.97
5/16/2007	70.26	13.50	13.27
5/17/2007	72.94	13.51	13.37
5/18/2007	75.43	12.76	12.34
5/21/2007	71.82	13.30	12.41
5/22/2007	72.36	13.06	12.40
5/23/2007	71.44	13.24	12.79
5/24/2007	74.36	14.08	13.81
5/25/2007	72.42	13.34	12.86
5/29/2007	72.48	13.53	12.99
5/30/2007	71.61	12.83	12.33
5/31/2007	72.2	13.05	12.76
6/1/2007	70.19	12.78	12.51
6/4/2007	70.74	13.29	12.73
6/5/2007	69.24	13.63	13.12
6/6/2007	72.06	14.87	14.58
6/7/2007	75.83	17.06	17.01
6/8/2007	70.69	14.84	14.73
6/11/2007	68.73	14.71	14.61
6/12/2007	69.48	16.67	16.01
6/13/2007	68.81	14.73	15.25
6/14/2007	63.52	13.64	13.69
6/15/2007	64.03	13.94	13.20
6/18/2007	66.76	13.42	13.14
6/19/2007	67.24	12.85	12.74
6/20/2007	76.8	14.67	14.72
6/21/2007	74.76	14.21	14.36
6/22/2007	78.35	15.75	16.97
6/25/2007	78.07	16.65	17.10
6/26/2007	82.01	18.89	18.23
6/27/2007	78.48	15.53	15.52
6/28/2007	76.04	15.54	15.61
6/29/2007	76.94	16.23	16.69
7/2/2007	75.56	15.40	14.78
7/3/2007	74.63	14.92	13.95
7/5/2007	75.86	15.48	14.73
7/6/2007	74.85	14.72	14.31
7/9/2007	73.05	15.16	14.38
7/10/2007	79.99	17.57	17.22
7/11/2007	81.55	16.64	16.56
7/12/2007	76.6	15.54	14.87
7/13/2007	76.65	15.15	15.05
7/16/2007	72.56	15.59	15.35
7/17/2007	72.41	15.63	15.47
7/18/2007	73.57	16.00	15.84
7/19/2007	72.02	15.23	15.08
7/20/2007	73.76	16.95	17.33
7/23/2007	74.56	16.81	16.55
7/24/2007	79.32	18.55	19.03
7/25/2007	75.31	18.10	18.27
7/26/2007	87.38	20.74	21.77
7/27/2007	97.23	24.17	25.09
7/30/2007	97.45	20.87	21.39
7/31/2007	104.08	23.52	25.18
8/1/2007	108.86	23.67	24.05
8/2/2007	100.8	21.22	21.68
8/3/2007	104.05	25.16	26.42
8/6/2007	95.22	22.94	21.51
8/7/2007	85.96	21.56	21.33
8/8/2007	82.52	21.45	21.73
8/9/2007	99.87	26.48	27.95
8/10/2007	108.91	28.30	29.08
8/13/2007	108.57	26.57	26.55
8/14/2007	114.96	27.68	28.24
8/15/2007	121.67	30.67	32.21
8/16/2007	142.99	30.83	30.77
8/17/2007	133.87	29.99	29.43
8/20/2007	125.04	26.33	25.62
8/21/2007	122.6	25.25	25.37
8/22/2007	117.47	22.89	22.68
8/23/2007	117.42	22.62	22.67
8/24/2007	111.95	20.72	20.40
8/27/2007	115.24	22.72	21.95
8/28/2007	119.79	26.30	26.41
8/29/2007	113.22	23.81	23.35
8/30/2007	112.66	25.06	24.78
8/31/2007	109.27	23.38	23.58
9/4/2007	104.87	22.78	22.12
9/5/2007	107.91	24.58	24.61
9/6/2007	106.6	23.99	24.02
9/7/2007	108.22	26.23	27.40
9/10/2007	107.07	27.38	27.53
9/11/2007	103.75	25.27	24.96
9/12/2007	106.95	24.96	25.56
9/13/2007	104.63	24.76	24.84
9/14/2007	104.39	24.92	25.45
9/17/2007	102.22	26.48	26.57
9/18/2007	92.33	20.35	20.75
9/19/2007	97.7	20.03	19.80
9/20/2007	97.38	20.45	20.54
9/21/2007	98.14	19.00	18.29
9/24/2007	94.27	19.37	18.83
9/25/2007	94.33	18.60	17.85
9/26/2007	89.49	17.63	17.41
9/27/2007	87.57	17.00	16.75
9/28/2007	87.13	18.00	18.18
10/1/2007	84.48	17.84	16.67
10/2/2007	88.74	18.49	17.47
10/3/2007	87.65	18.80	17.64
10/4/2007	89.38	18.44	18.02
10/5/2007	83.91	16.91	16.05
10/8/2007	84.96	17.46	16.49
10/9/2007	79.93	16.12	15.45
10/10/2007	87.46	16.67	16.29
10/11/2007	95.78	18.88	18.94
10/12/2007	90.63	17.73	17.42
10/15/2007	86.18	19.25	19.44
10/16/2007	91.47	20.02	20.00
10/17/2007	89.48	18.54	18.70
10/18/2007	83.37	18.50	18.32
10/19/2007	91.56	22.96	23.15
10/22/2007	88.17	21.64	21.53
10/23/2007	86.42	20.41	19.85
10/24/2007	89.14	20.80	20.96
10/25/2007	90.82	21.17	22.05
10/26/2007	95.36	19.56	20.12
10/29/2007	95.01	19.87	19.46
10/30/2007	100.37	21.07	21.41
10/31/2007	93.62	18.53	18.34
11/1/2007	97.53	23.21	24.45
11/2/2007	97.46	23.01	23.40
11/5/2007	97.29	24.31	23.67
11/6/2007	92.7	21.39	20.95
11/7/2007	98.17	26.49	27.87
11/8/2007	97.36	26.16	26.85
11/9/2007	97.86	28.50	29.01
11/12/2007	98.09	31.09	30.39
11/13/2007	92.58	24.10	24.23
11/14/2007	94.39	25.94	26.75
11/15/2007	92.96	28.06	29.02
11/16/2007	92.8	25.49	27.10
11/19/2007	91.13	26.01	26.88
11/20/2007	91.34	24.88	26.81
11/21/2007	94.49	26.84	28.42
11/23/2007	89.62	25.61	27.70
11/26/2007	91.55	28.91	31.07
11/27/2007	90.7	26.28	28.47
11/28/2007	91.62	24.11	26.30
11/29/2007	91.08	23.97	25.65
11/30/2007	88.88	22.87	24.81
12/3/2007	87.45	23.61	24.88
12/4/2007	86.85	23.79	25.29
12/5/2007	83.08	22.53	23.81
12/6/2007	81.51	20.96	22.62
12/7/2007	82.47	20.85	22.48
12/10/2007	81.5	20.74	22.01
12/11/2007	82.58	23.59	24.47
12/12/2007	89.41	22.47	24.77
12/13/2007	88.19	22.56	24.11
12/14/2007	85.82	23.27	25.52
12/17/2007	85.38	24.52	26.58
12/18/2007	80.83	22.64	25.08
12/19/2007	83.47	21.68	23.50
12/20/2007	79.44	20.58	22.42
12/21/2007	82.87	18.47	19.63
12/24/2007	79.85	18.61	18.88
12/26/2007	80.79	18.66	19.20
12/27/2007	84.36	20.26	21.22
12/28/2007	84.03	20.74	22.27
12/31/2007	82.19	22.50	23.19
1/2/2008	80.58	23.17	24.99
1/3/2008	79.33	22.49	24.55
1/4/2008	81.46	23.94	26.78
1/7/2008	79.51	23.79	25.14
1/8/2008	79.59	25.43	26.69
1/9/2008	89.37	24.12	25.76
1/10/2008	84.98	23.45	24.94
1/11/2008	84.66	23.68	26.71
1/14/2008	86.96	22.90	25.02
1/15/2008	81.13	23.34	26.11
1/16/2008	80.51	24.38	27.16
1/17/2008	84.99	28.46	32.10
1/18/2008	77.24	27.18	29.99
1/22/2008	86.58	31.01	33.24
1/23/2008	82.68	29.02	31.06
1/24/2008	81.31	27.78	29.26
1/25/2008	79	29.08	32.56
1/28/2008	76.43	27.78	29.12
1/29/2008	77.46	27.32	29.31
1/30/2008	76.41	27.62	28.96
1/31/2008	75.21	26.20	28.33
2/1/2008	73.94	24.02	25.64
2/4/2008	73.9	25.99	26.84
2/5/2008	75.06	28.24	30.10
2/6/2008	74.63	28.97	31.23
2/7/2008	72	27.66	29.61
2/8/2008	72.6	28.01	30.42
2/11/2008	71.41	27.60	28.69
2/12/2008	72.52	26.33	27.81
2/13/2008	71.44	24.88	26.67
2/14/2008	69.23	25.54	27.20
2/15/2008	74.72	25.02	27.33
2/19/2008	69.6	25.59	27.55
2/20/2008	71.29	24.40	25.96
2/21/2008	69.65	25.12	26.74
2/22/2008	65.47	24.06	26.51
2/25/2008	68.92	23.03	24.02
2/26/2008	68.59	21.90	23.23
2/27/2008	67.56	22.69	23.70
2/28/2008	66.61	23.53	24.98
2/29/2008	69.81	26.54	28.90
3/3/2008	71.02	26.28	28.35
3/4/2008	69.95	25.52	27.96
3/5/2008	68.51	24.60	27.01
3/6/2008	74.53	27.55	30.50
3/7/2008	76.02	27.49	30.35
3/10/2008	77.45	29.38	31.55
3/11/2008	73.76	26.36	27.90
3/12/2008	73.94	27.22	29.15
3/13/2008	75.56	27.29	29.68
3/14/2008	80.99	31.16	34.14
3/17/2008	80.71	32.24	34.30
3/18/2008	72.97	25.79	27.56
3/19/2008	70.5	29.84	31.77
3/20/2008	66.97	26.62	27.51
3/24/2008	68.82	25.73	26.30
3/25/2008	68.65	25.72	26.30
3/26/2008	69.56	26.08	27.20
3/27/2008	69	25.88	27.75
3/28/2008	68.79	25.71	28.41
3/31/2008	67.64	25.61	26.49
4/1/2008	66.96	22.68	23.61
4/2/2008	67.61	23.43	24.23
4/3/2008	66.11	23.21	24.77
4/4/2008	64.56	22.45	23.75
4/7/2008	67.4	22.42	22.70
4/8/2008	67.3	22.36	22.99
4/9/2008	75.24	22.81	24.36
4/10/2008	75.47	21.98	23.15
4/11/2008	74.74	23.46	25.94
4/14/2008	72.39	23.82	25.51
4/15/2008	68.15	22.78	24.52
4/16/2008	66.36	20.53	21.94
4/17/2008	65.09	20.37	22.15
4/18/2008	62.09	20.13	20.74
4/21/2008	63.43	20.50	20.88
4/22/2008	62.84	20.87	21.32
4/23/2008	59.74	20.26	20.64
4/24/2008	62.75	20.06	20.40
4/25/2008	65.99	19.59	20.52
4/28/2008	66.48	19.64	19.79
4/29/2008	65.42	20.24	20.52
4/30/2008	64.69	20.79	21.16
5/1/2008	63.06	18.88	19.33
5/2/2008	63.68	18.18	18.23
5/5/2008	70.1	18.90	18.38
5/6/2008	69.04	18.21	17.82
5/7/2008	72.82	19.73	20.29
5/8/2008	73.45	19.40	19.09
5/9/2008	73.79	19.41	19.83
5/12/2008	72	17.79	19.36
5/13/2008	68.62	17.98	18.99
5/14/2008	71.18	17.66	18.28
5/15/2008	71.16	16.30	17.37
5/16/2008	75.77	16.47	17.26
5/19/2008	76.63	17.01	16.68
5/20/2008	79.8	17.58	18.42
5/21/2008	80.12	18.59	19.29
5/22/2008	83.62	18.05	18.76
5/23/2008	79.63	19.55	20.43
5/27/2008	79.35	19.64	19.99
5/28/2008	77.7	19.07	19.67
5/29/2008	74.2	18.14	18.59
5/30/2008	73.46	17.83	18.57
6/2/2008	78.6	19.83	20.01
6/3/2008	79.72	20.24	20.74
6/4/2008	81.04	20.80	21.58
6/5/2008	79.35	18.63	19.41
6/6/2008	88.78	23.56	24.80
6/9/2008	92.23	23.12	24.28
6/10/2008	91.98	23.18	23.37
6/11/2008	93.87	24.12	25.40
6/12/2008	92.41	23.33	24.85
6/13/2008	86.91	21.22	22.21
6/16/2008	84.17	20.95	21.70
6/17/2008	80.89	21.13	22.17
6/18/2008	81.56	22.24	23.60
6/19/2008	77.91	21.58	22.75
6/20/2008	78.35	22.87	24.82
6/23/2008	78.37	22.64	23.56
6/24/2008	77.41	22.42	23.23
6/25/2008	76.01	21.14	22.41
6/26/2008	79.87	23.93	25.91
6/27/2008	79.54	23.44	25.63
6/30/2008	79.66	23.95	24.59
7/1/2008	79.44	23.65	24.62
7/2/2008	79.19	25.92	26.95
7/3/2008	76.44	24.79	26.37
7/7/2008	75.43	25.78	26.61
7/8/2008	76.03	23.15	23.96
7/9/2008	81.69	25.23	27.28
7/10/2008	79.94	25.59	27.20
7/11/2008	77.18	27.49	29.96
7/14/2008	78.83	28.48	30.35
7/15/2008	73.07	28.54	30.44
7/16/2008	73.22	25.10	26.34
7/17/2008	72.46	25.01	25.92
7/18/2008	70.29	24.05	25.46
7/21/2008	71.6	23.05	24.10
7/22/2008	68.39	21.18	21.39
7/23/2008	67.25	21.31	22.44
7/24/2008	74.9	23.44	24.89
7/25/2008	73.7	22.91	24.10
7/28/2008	74.9	24.23	25.69
7/29/2008	71.03	22.03	23.20
7/30/2008	67.21	21.21	22.63
7/31/2008	72.95	22.94	24.67
8/1/2008	72.73	22.57	24.26
8/4/2008	73.17	23.49	24.85
8/5/2008	70.28	21.14	22.05
8/6/2008	71.6	20.23	20.96
8/7/2008	73.11	21.15	22.63
8/8/2008	73.05	20.66	21.88
8/11/2008	75.59	20.12	22.26
8/12/2008	72.4	21.17	23.00
8/13/2008	79.41	21.55	23.93
8/14/2008	74.37	20.34	22.11
8/15/2008	74.1	19.58	21.50
8/18/2008	72.85	20.98	22.38
8/19/2008	77.5	21.28	23.22
8/20/2008	73.42	20.42	21.70
8/21/2008	73.75	19.82	21.26
8/22/2008	73.56	18.81	20.47
8/25/2008	77.03	20.97	22.32
8/26/2008	73.14	20.49	21.72
8/27/2008	72	19.76	21.68
8/28/2008	68.05	19.43	20.68
8/29/2008	68.07	20.65	22.59
9/2/2008	69.65	21.99	23.84
9/3/2008	69.93	21.43	23.15
9/4/2008	72.38	24.03	26.73
9/5/2008	70.39	23.06	25.43
9/8/2008	67.94	22.64	24.72
9/9/2008	70.68	25.47	27.88
9/10/2008	70.63	24.52	27.39
9/11/2008	71.03	24.39	27.11
9/12/2008	70.26	25.66	29.33
9/15/2008	79.37	31.70	33.61
9/16/2008	74.38	30.30	33.03
9/17/2008	93.04	36.22	39.00
9/18/2008	89.33	33.10	36.06
9/19/2008	79.37	32.07	33.55
9/22/2008	83.92	33.85	36.28
9/23/2008	84.77	35.72	38.54
9/24/2008	86.66	35.19	39.28
9/25/2008	82.96	32.82	36.75
9/26/2008	87.81	34.74	39.41
9/29/2008	99.86	46.72	51.84
9/30/2008	92.23	39.39	44.51
10/1/2008	89.76	39.81	45.27
10/2/2008	95.29	45.26	54.16
10/3/2008	94.68	45.14	51.76
10/6/2008	104.82	52.05	59.50
10/7/2008	106.47	53.68	63.06
10/8/2008	104.99	57.53	68.01
10/9/2008	108.05	63.92	75.96
10/10/2008	116	69.95	85.99
10/13/2008	110.07	54.99	60.28
10/14/2008	105.64	55.13	58.45
10/15/2008	114.93	69.25	68.35
10/16/2008	119.48	67.61	70.34
10/17/2008	117.45	70.33	71.06
10/20/2008	115.98	52.97	52.72
10/21/2008	114.28	53.11	55.78
10/22/2008	123.31	69.65	70.40
10/23/2008	121.61	67.80	68.56
10/24/2008	128.09	79.13	79.36
10/27/2008	134.87	80.06	81.15
10/28/2008	127.46	66.96	66.01
10/29/2008	124.73	69.96	72.41
10/30/2008	121.52	62.90	65.31
10/31/2008	116.94	59.89	61.38
11/3/2008	116.19	53.68	54.22
11/4/2008	116.29	47.73	47.97
11/5/2008	117.03	54.56	55.12
11/6/2008	125	63.68	66.00
11/7/2008	116.37	56.10	58.38
11/10/2008	116.53	59.98	60.60
11/11/2008	114.11	61.44	62.09
11/12/2008	123.26	66.46	70.22
11/13/2008	117.12	59.83	60.60
11/14/2008	118.34	66.31	70.31
11/17/2008	115.1	69.15	73.15
11/18/2008	106.9	67.64	72.34
11/19/2008	102.48	74.26	79.63
11/20/2008	106.71	80.86	87.24
11/21/2008	99.48	72.67	76.17
11/24/2008	92.31	64.70	67.64
11/25/2008	90.28	60.90	63.05
11/26/2008	89.32	54.92	58.57
11/28/2008	88.41	55.28	59.81
12/1/2008	90.49	68.51	73.24
12/2/2008	87.08	62.98	69.05
12/3/2008	84.72	60.72	64.53
12/4/2008	83.94	63.64	70.18
12/5/2008	82.9	59.93	62.94
12/8/2008	82.1	58.49	60.51
12/9/2008	80.75	58.91	60.46
12/10/2008	86.46	55.73	57.64
12/11/2008	88.68	55.78	57.11
12/12/2008	86.27	54.28	57.78
12/15/2008	82.03	56.76	59.29
12/16/2008	79.99	52.37	54.16
12/17/2008	75.17	49.84	52.24
12/18/2008	81.26	47.34	51.31
12/19/2008	87.69	44.93	45.94
12/22/2008	87.04	44.56	45.96
12/23/2008	86.39	45.02	46.93
12/24/2008	85.1	44.80	47.88
12/26/2008	83.74	43.38	46.03
12/29/2008	83.96	43.90	45.31
12/30/2008	80.89	41.63	42.77
12/31/2008	85.6	40.00	40.40
1/2/2009	84.41	39.19	38.58
1/5/2009	90.89	39.08	39.35
1/6/2009	90.33	38.56	38.52
1/7/2009	93.99	43.39	43.75
1/8/2009	93.14	42.56	41.96
1/9/2009	91.52	42.82	42.60
1/12/2009	93.26	45.84	46.89
1/13/2009	92.5	43.27	44.37
1/14/2009	99.88	49.14	49.92
1/15/2009	96.44	51.00	48.46
1/16/2009	98.79	46.11	45.85
1/20/2009	104.02	56.65	56.25
1/21/2009	100.81	46.42	45.67
1/22/2009	98.87	47.29	46.99
1/23/2009	95.7	47.27	45.63
1/26/2009	96.17	45.69	43.99
1/27/2009	95.48	42.25	40.68
1/28/2009	98.22	39.66	38.58
1/29/2009	98.98	42.63	41.94
1/30/2009	98.72	44.84	45.85
2/2/2009	96.48	45.52	43.57
2/3/2009	92.25	43.06	41.13
2/4/2009	91.57	43.85	41.99
2/5/2009	92.26	43.73	42.71
2/6/2009	94.01	43.37	42.79
2/9/2009	94.38	43.64	42.52
2/10/2009	95.98	46.67	46.37
2/11/2009	94.67	44.53	43.97
2/12/2009	91.04	41.25	41.80
2/13/2009	91.93	42.93	42.75
2/17/2009	95.07	48.66	48.54
2/18/2009	89.11	48.46	47.10
2/19/2009	88.27	47.08	47.79
2/20/2009	90.66	49.30	49.40
2/23/2009	93.02	52.62	53.50
2/24/2009	89.13	45.49	45.21
2/25/2009	88.93	44.67	45.62
2/26/2009	89.37	44.66	46.56
2/27/2009	91.08	46.35	49.08
3/2/2009	93.86	52.65	54.51
3/3/2009	90.75	50.93	52.11
3/4/2009	85.6	47.56	47.88
3/5/2009	89.88	50.17	54.02
3/6/2009	88.26	49.33	52.67
3/9/2009	90.09	49.68	51.47
3/10/2009	85.36	44.37	45.00
3/11/2009	85.35	43.61	45.55
3/12/2009	81.81	41.18	42.76
3/13/2009	78.13	42.36	45.08
3/16/2009	80.07	43.74	44.71
3/17/2009	75.21	40.80	41.62
3/18/2009	74.8	40.06	41.07
3/19/2009	73.56	43.68	45.29
3/20/2009	73.11	45.89	46.41
3/23/2009	71.39	43.23	42.86
3/24/2009	70.16	42.93	43.44
3/25/2009	71.76	42.25	43.11
3/26/2009	70.97	40.36	41.43
3/27/2009	71.68	41.04	43.39
3/30/2009	74.68	45.54	45.21
3/31/2009	72.71	44.14	44.40
4/1/2009	70.39	42.28	43.00
4/2/2009	69.61	42.04	44.47
4/3/2009	67.86	39.70	41.63
4/6/2009	68.26	40.93	40.30
4/7/2009	66.39	40.39	40.11
4/8/2009	68.72	38.85	39.27
4/9/2009	65.22	36.53	37.41
4/13/2009	67.51	37.81	39.09
4/14/2009	65.79	37.67	39.78
4/15/2009	64.95	36.17	37.97
4/16/2009	69.72	35.79	36.86
4/17/2009	68.92	33.94	34.97
4/20/2009	75.48	39.18	39.71
4/21/2009	75.48	37.14	37.39
4/22/2009	75.52	38.10	38.82
4/23/2009	72.81	37.15	37.91
4/24/2009	72.04	36.82	38.13
4/27/2009	74.16	38.32	38.43
4/28/2009	74.22	37.95	38.20
4/29/2009	72.12	36.08	36.20
4/30/2009	71.42	36.50	37.22
5/1/2009	69.82	35.30	35.83
5/4/2009	70.36	34.53	34.38
5/5/2009	70.77	33.36	33.34
5/6/2009	71.15	32.45	32.66
5/7/2009	72.79	33.44	34.15
5/8/2009	74.66	32.05	32.77
5/11/2009	76.86	32.87	33.76
5/12/2009	77.53	31.80	32.67
5/13/2009	81.87	33.65	34.95
5/14/2009	79.38	31.37	31.64
5/15/2009	80.29	33.12	33.77
5/18/2009	76.41	30.24	29.28
5/19/2009	74.4	28.80	28.62
5/20/2009	77.45	29.03	29.21
5/21/2009	84.69	31.35	31.73
5/22/2009	87.28	32.63	32.08
5/26/2009	91.23	30.62	29.51
5/27/2009	90.86	32.36	31.77
5/28/2009	88.19	31.67	30.46
5/29/2009	83.91	28.92	29.62
6/1/2009	84.23	30.04	28.61
6/2/2009	83.82	29.63	28.22
6/3/2009	84.89	31.02	29.34
6/4/2009	81.26	30.18	29.42
6/5/2009	82.11	29.62	29.30
6/8/2009	82.69	29.77	28.21
6/9/2009	81.64	28.27	26.74
6/10/2009	86.92	28.46	27.17
6/11/2009	85.22	28.11	27.16
6/12/2009	85.43	28.15	27.10
6/15/2009	85.05	30.81	29.49
6/16/2009	88.49	32.68	31.06
6/17/2009	86.49	31.54	30.10
6/18/2009	83.87	30.03	28.53
6/19/2009	84.15	27.99	26.54
6/22/2009	86.1	31.17	30.01
6/23/2009	85.64	30.58	29.32
6/24/2009	83.96	29.05	28.50
6/25/2009	82.57	26.36	25.87
6/26/2009	77.6	25.93	25.35
6/29/2009	79.69	25.35	23.75
6/30/2009	79.6	26.35	24.79
7/1/2009	79.68	26.22	25.17
7/2/2009	81.32	27.95	27.45
7/6/2009	83.2	29.00	27.81
7/7/2009	85.63	30.85	30.32
7/8/2009	86.17	31.30	30.93
7/9/2009	82.88	29.78	29.41
7/10/2009	81.42	29.02	28.91
7/13/2009	80.58	26.31	26.94
7/14/2009	81.52	25.02	26.32
7/15/2009	85.64	25.89	26.07
7/16/2009	83.64	25.42	25.54
7/17/2009	82.49	24.34	24.87
7/20/2009	80.98	24.40	23.70
7/21/2009	80.45	23.87	23.60
7/22/2009	75.3	23.47	23.47
7/23/2009	72.8	23.43	24.07
7/24/2009	73.01	23.09	23.06
7/27/2009	74.35	24.28	23.52
7/28/2009	76.68	25.01	23.98
7/29/2009	77.1	25.61	24.91
7/30/2009	73.88	25.40	24.70
7/31/2009	73.47	25.92	25.59
8/3/2009	72.79	25.56	24.86
8/4/2009	71.05	24.89	24.20
8/5/2009	70.13	24.90	23.95
8/6/2009	73.17	25.67	25.44
8/7/2009	71.53	24.76	24.65
8/10/2009	72.59	24.99	23.85
8/11/2009	75.6	25.99	24.85
8/12/2009	81.28	25.45	24.23
8/13/2009	79.96	24.71	23.80
8/14/2009	80.45	24.27	23.99
8/17/2009	84.22	27.89	27.05
8/18/2009	81.11	26.18	25.76
8/19/2009	76.32	26.26	25.35
8/20/2009	76.7	25.09	23.79
8/21/2009	76.55	25.01	23.81
8/24/2009	78.47	25.14	23.25
8/25/2009	77.76	24.92	23.39
8/26/2009	77.97	24.95	23.40
8/27/2009	75.59	24.68	23.39
8/28/2009	74.41	24.76	23.61
8/31/2009	77.12	26.01	23.81
9/1/2009	81	29.15	27.72
9/2/2009	77.07	28.90	27.75
9/3/2009	75.48	27.10	26.14
9/4/2009	77.51	25.26	24.24
9/8/2009	75.69	25.62	23.63
9/9/2009	76.17	24.32	22.66
9/10/2009	71.39	23.55	22.02
9/11/2009	72.36	24.15	23.00
9/14/2009	71.14	23.86	22.89
9/15/2009	72.25	23.42	22.98
9/16/2009	71.7	23.69	23.09
9/17/2009	69.36	23.65	23.77
9/18/2009	70.39	23.92	23.56
9/21/2009	71	24.06	22.58
9/22/2009	68.26	23.08	21.96
9/23/2009	68.18	23.49	22.79
9/24/2009	70.78	24.95	23.92
9/25/2009	71.74	25.61	24.85
9/28/2009	70.54	24.88	23.23
9/29/2009	68.99	25.19	23.65
9/30/2009	71.32	25.61	24.58
10/1/2009	76.25	28.27	27.68
10/2/2009	76.13	28.68	28.01
10/5/2009	73.56	26.84	24.85
10/6/2009	71.5	25.70	23.77
10/7/2009	71.01	24.68	23.23
10/8/2009	68.1	24.18	23.07
10/9/2009	65.54	23.12	21.76
10/12/2009	64.97	23.01	22.36
10/13/2009	64.97	22.99	22.12
10/14/2009	68.84	22.86	22.47
10/15/2009	67.07	21.72	21.30
10/16/2009	69.85	21.43	21.20
10/19/2009	67.76	21.49	20.25
10/20/2009	68.63	20.90	20.23
10/21/2009	78.16	22.22	21.19
10/22/2009	77.6	20.69	20.18
10/23/2009	79.88	22.27	21.58
10/26/2009	82.28	24.31	23.28
10/27/2009	80.41	24.83	23.37
10/28/2009	85.43	27.91	27.08
10/29/2009	78.1	24.76	23.64
10/30/2009	89.9	30.69	28.89
11/2/2009	91.98	29.78	27.21
11/3/2009	90.16	28.81	26.98
11/4/2009	85.97	27.72	26.71
11/5/2009	79.1	25.43	24.54
11/6/2009	73.72	24.19	22.97
11/9/2009	68.83	23.15	21.74
11/10/2009	68.49	22.84	21.43
11/11/2009	73.05	23.04	21.91
11/12/2009	80.77	24.24	23.22
11/13/2009	80.28	23.36	22.27
11/16/2009	83.31	22.89	21.84
11/17/2009	83.97	22.41	21.59
11/18/2009	79.15	21.63	21.37
11/19/2009	79.27	22.63	22.41
11/20/2009	75.56	22.19	21.12
11/23/2009	75.84	21.16	19.62
11/24/2009	75.05	20.47	18.89
11/25/2009	73.91	20.48	19.16
11/27/2009	83.24	24.74	24.07
11/30/2009	81.58	24.51	22.35
12/1/2009	80.74	21.92	20.48
12/2/2009	78.26	21.12	20.04
12/3/2009	78.52	22.46	21.66
12/4/2009	77.18	21.25	20.53
12/7/2009	77.75	22.10	20.70
12/8/2009	79.57	23.69	22.30
12/9/2009	84.93	22.66	21.65
12/10/2009	84.56	22.32	20.97
12/11/2009	82.87	21.59	20.53
12/14/2009	81.64	21.15	19.66
12/15/2009	80.99	21.49	20.59
12/16/2009	82.05	20.54	20.08
12/17/2009	83.56	22.51	21.84
12/18/2009	81.75	21.68	20.53
12/21/2009	79.62	20.49	18.38
12/22/2009	71.45	19.54	17.35
12/23/2009	69.81	19.71	18.01
12/24/2009	68.81	19.47	17.61
12/28/2009	69.89	19.93	17.76
12/29/2009	69.1	20.01	17.97
12/30/2009	70.36	19.96	18.02
12/31/2009	74.99	21.68	19.87
1/4/2010	73.3	20.04	17.78
1/5/2010	70.36	19.35	17.18
1/6/2010	67.65	19.16	17.64
1/7/2010	67.15	19.06	17.89
1/8/2010	65.71	18.13	17.01
1/11/2010	64.87	17.55	17.34
1/12/2010	70.42	18.25	18.23
1/13/2010	75.53	17.85	17.00
1/14/2010	74.52	17.63	16.58
1/15/2010	74.27	17.91	17.11
1/19/2010	73.5	17.58	16.50
1/20/2010	80.36	18.68	17.12
1/21/2010	88.82	22.27	21.19
1/22/2010	100.06	27.31	26.05
1/25/2010	90.58	25.41	23.38
1/26/2010	90.04	24.55	23.24
1/27/2010	85.86	23.14	22.32
1/28/2010	87.91	23.73	23.00
1/29/2010	89	24.62	24.46
2/1/2010	83.73	22.59	21.31
2/2/2010	80.98	21.48	20.18
2/3/2010	80.55	21.60	20.63
2/4/2010	91.42	26.08	26.53
2/5/2010	88.22	26.11	25.28
2/8/2010	90.01	26.51	25.43
2/9/2010	88.8	26.00	24.49
2/10/2010	92.18	25.40	24.27
2/11/2010	89.59	23.96	23.09
2/12/2010	88.16	22.73	23.24
2/16/2010	81.77	22.25	21.57
2/17/2010	80.29	21.72	21.19
2/18/2010	79.2	20.63	19.63
2/19/2010	77.97	20.02	19.19
2/22/2010	75.44	19.94	18.73
2/23/2010	77.82	21.37	20.73
2/24/2010	75.93	20.27	19.49
2/25/2010	75.3	20.10	19.51
2/26/2010	73.13	19.50	19.16
3/1/2010	73.24	19.26	17.82
3/2/2010	73.43	19.06	18.03
3/3/2010	72.61	18.83	18.11
3/4/2010	70.51	18.72	17.93
3/5/2010	71.06	17.42	16.81
3/8/2010	70.9	17.79	16.85
3/9/2010	71.49	17.92	16.91
3/10/2010	76.2	18.57	17.85
3/11/2010	76.16	18.06	17.51
3/12/2010	73.74	17.58	17.70
3/15/2010	75.22	18.00	17.48
3/16/2010	76.41	17.69	17.17
3/17/2010	73.16	16.91	16.61
3/18/2010	76.46	16.62	16.18
3/19/2010	76.68	16.97	16.51
3/22/2010	77.75	16.87	15.54
3/23/2010	78.31	16.35	15.25
3/24/2010	80.68	17.55	16.59
3/25/2010	83.82	18.40	17.64
3/26/2010	81.56	17.77	16.91
3/29/2010	78.75	17.59	15.98
3/30/2010	76.91	17.13	15.86
3/31/2010	77.49	17.59	16.04
4/1/2010	78.29	17.47	16.16
4/5/2010	76.97	17.02	15.24
4/6/2010	76.82	16.23	14.91
4/7/2010	78.16	16.62	15.45
4/8/2010	77.06	16.48	15.19
4/9/2010	78.24	16.14	15.14
4/12/2010	80.06	15.58	15.25
4/13/2010	79.97	16.20	15.25
4/14/2010	83.31	15.59	14.70
4/15/2010	83.1	15.89	15.11
4/16/2010	86.29	18.36	17.03
4/19/2010	81.72	17.34	15.21
4/20/2010	79.65	15.73	14.26
4/21/2010	83.89	16.32	14.68
4/22/2010	85.76	16.47	15.45
4/23/2010	88.14	16.62	15.54
4/26/2010	87.53	17.47	16.08
4/27/2010	103.23	22.81	21.08
4/28/2010	101.7	21.08	19.22
4/29/2010	92.44	18.44	16.94
4/30/2010	101.41	22.05	20.98
5/3/2010	95.68	20.19	18.09
5/4/2010	101.88	23.84	22.29
5/5/2010	105.59	24.91	23.71
5/6/2010	125.36	32.80	31.12
5/7/2010	135.38	40.95	38.94
5/10/2010	110.96	28.84	26.59
5/11/2010	113.95	28.32	26.43
5/12/2010	116.53	25.52	24.17
5/13/2010	123.17	26.68	25.31
5/14/2010	128.34	31.24	29.49
5/17/2010	120.97	30.84	27.86
5/18/2010	135.82	33.55	31.51
5/19/2010	128.44	35.32	32.42
5/20/2010	145.12	45.79	43.63
5/21/2010	130.67	40.10	37.65
5/24/2010	123.87	38.32	35.19
5/25/2010	119.36	34.61	32.83
5/26/2010	115.68	35.02	34.21
5/27/2010	107.64	29.68	28.40
5/28/2010	110.13	32.07	30.83
6/1/2010	109.92	35.54	34.86
6/2/2010	98.02	30.17	28.56
6/3/2010	95.61	29.46	28.78
6/4/2010	103.31	35.48	34.38
6/7/2010	102.76	36.57	35.40
6/8/2010	101.79	33.70	32.01
6/9/2010	111.77	33.73	33.32
6/10/2010	108.61	30.57	29.68
6/11/2010	103.69	28.79	27.90
6/14/2010	99.92	28.58	27.98
6/15/2010	99	25.87	25.08
6/16/2010	93.67	25.92	25.37
6/17/2010	89.65	25.05	24.44
6/18/2010	92.36	23.95	22.53
6/21/2010	96.01	24.88	23.43
6/22/2010	101.65	27.05	25.61
6/23/2010	98.93	26.91	26.23
6/24/2010	103.69	29.74	29.20
6/25/2010	97.51	28.53	28.20
6/28/2010	99.01	29.00	27.06
6/29/2010	104	34.13	33.11
6/30/2010	105.16	34.54	33.57
7/1/2010	100.69	32.86	32.92
7/2/2010	97.19	30.12	29.70
7/6/2010	97.58	29.65	29.14
7/7/2010	92.14	26.84	26.33
7/8/2010	89.85	25.71	24.76
7/9/2010	88.58	24.98	23.54
7/12/2010	91.75	24.43	24.87
7/13/2010	90.8	24.56	23.85
7/14/2010	96.13	24.89	24.89
7/15/2010	97.75	25.14	24.84
7/16/2010	101.57	26.25	26.49
7/19/2010	102.58	25.97	25.15
7/20/2010	98.89	23.93	23.58
7/21/2010	97.02	25.64	25.45
7/22/2010	93.2	24.63	24.27
7/23/2010	89.9	23.47	23.33
7/26/2010	88.55	22.73	21.91
7/27/2010	90.14	23.19	21.62
7/28/2010	90.71	24.25	22.83
7/29/2010	90.62	24.13	22.85
7/30/2010	89.55	23.50	23.03
8/2/2010	85.02	22.01	20.08
8/3/2010	85.04	22.63	21.15
8/4/2010	85.05	22.21	20.86
8/5/2010	86.52	22.10	21.35
8/6/2010	87.44	21.74	20.62
8/9/2010	87.86	22.14	20.34
8/10/2010	90.35	22.37	20.91
8/11/2010	102.65	25.39	25.16
8/12/2010	99.75	25.73	25.73
8/13/2010	99.54	26.24	26.68
8/16/2010	98.73	26.10	25.12
8/17/2010	93.25	24.33	23.83
8/18/2010	91.3	24.59	24.30
8/19/2010	91.96	26.44	26.10
8/20/2010	89.34	25.49	25.45
8/23/2010	87.66	25.66	24.87
8/24/2010	85.7	27.46	27.09
8/25/2010	82.64	26.70	26.84
8/26/2010	82.95	27.37	27.38
8/27/2010	79	24.45	24.91
8/30/2010	82.52	27.21	26.08
8/31/2010	81.49	26.05	26.58
9/1/2010	78.28	23.89	23.52
9/2/2010	79.05	23.19	22.87
9/3/2010	76.64	21.31	20.24
9/7/2010	78.98	23.80	22.63
9/8/2010	89.88	23.25	22.16
9/9/2010	87.97	22.81	21.53
9/10/2010	87.6	21.99	20.89
9/13/2010	87.33	21.21	20.47
9/14/2010	87.95	21.56	20.81
9/15/2010	88.4	22.10	21.42
9/16/2010	87.63	21.72	20.96
9/17/2010	85.45	22.01	20.70
9/20/2010	81.5	21.50	19.47
9/21/2010	80.97	22.35	20.65
9/22/2010	81.86	22.51	21.01
9/23/2010	83.02	23.87	22.75
9/24/2010	80	21.71	20.39
9/27/2010	82.62	22.54	20.60
9/28/2010	83.62	22.60	20.68
9/29/2010	83.35	23.25	21.62
9/30/2010	86.49	23.70	22.40
10/1/2010	84.08	22.50	21.05
10/4/2010	86.22	23.53	21.64
10/5/2010	82.62	21.76	19.83
10/6/2010	81.05	21.49	19.98
10/7/2010	80.7	21.56	20.60
10/8/2010	81.41	20.71	19.74
10/11/2010	84.75	18.96	19.68
10/12/2010	84.77	18.93	19.13
10/13/2010	88.72	19.07	19.33
10/14/2010	87.14	19.88	20.25
10/15/2010	89.82	19.03	19.43
10/18/2010	91.75	19.09	18.28
10/19/2010	91.53	20.63	20.15
10/20/2010	85.48	19.79	19.24
10/21/2010	83.59	19.27	19.02
10/22/2010	81.97	18.78	18.53
10/25/2010	82.02	19.85	19.50
10/26/2010	82.79	20.22	19.64
10/27/2010	80.42	20.71	20.17
10/28/2010	78.47	20.88	20.56
10/29/2010	77.46	21.20	21.33
11/1/2010	79.72	21.83	21.21
11/2/2010	80.18	21.57	21.51
11/3/2010	76.57	19.56	18.86
11/4/2010	70.78	18.52	18.33
11/5/2010	74.02	18.26	17.76
11/8/2010	73.67	18.29	16.90
11/9/2010	76.49	19.08	18.06
11/10/2010	83.07	18.47	17.57
11/11/2010		18.64	17.68
11/12/2010	88.18	20.61	20.35
11/15/2010	88.13	20.20	19.42
11/16/2010	93.65	22.58	21.85
11/17/2010	89.25	21.76	21.35
11/18/2010	83.92	18.75	18.49
11/19/2010	84.73	18.04	17.44
11/22/2010	78.39	18.37	17.15
11/23/2010	87.44	20.63	19.54
11/24/2010	81.55	19.56	18.27
11/26/2010	90.55	22.22	21.79
11/29/2010	89.01	21.53	20.55
11/30/2010	95.73	23.54	23.22
12/1/2010	92.03	21.36	20.35
12/2/2010	87.74	19.39	18.91
12/3/2010	84.28	18.01	17.19
12/6/2010	82.6	18.02	16.75
12/7/2010	82.66	17.99	17.10
12/8/2010	81.8	17.74	16.59
12/9/2010	79.8	17.25	16.16
12/10/2010	79.36	17.61	16.52
12/13/2010	81.67	17.55	16.94
12/14/2010	81.67	17.61	16.88
12/15/2010	83.42	17.94	17.31
12/16/2010	81.32	17.39	17.26
12/17/2010	86.62	16.11	15.52
12/20/2010	84.09	16.41	14.82
12/21/2010	84.38	16.49	15.10
12/22/2010	86.03	15.45	14.37
12/23/2010	86.74	16.47	15.53
12/27/2010	87.44	17.67	15.98
12/28/2010	86.34	17.52	16.07
12/29/2010	85.71	17.28	15.96
12/30/2010	86.52	17.52	16.31
12/31/2010	86.36	17.75	17.29
1/3/2011	84.8	17.61	15.84
1/4/2011	85.25	17.38	15.70
1/5/2011	84.7	17.02	15.47
1/6/2011	84.6	17.40	16.22
1/7/2011	83.73	17.14	16.05
1/10/2011	81.65	17.54	15.97
1/11/2011	79.82	16.89	15.39
1/12/2011	77.94	16.24	15.06
1/13/2011	78.64	16.39	15.47
1/14/2011	75.94	15.46	14.36
1/18/2011	79.77	15.87	14.76
1/19/2011	83.7	17.31	16.22
1/20/2011	82.69	17.99	16.60
1/21/2011	85.41	18.47	16.11
1/24/2011	82.97	17.65	15.18
1/25/2011	82.67	17.59	15.26
1/26/2011	79.43	16.64	14.71
1/27/2011	77.04	16.15	14.59
1/28/2011	91.52	20.04	18.50
1/31/2011	86.08	19.53	17.00
2/1/2011	84.48	17.63	15.44
2/2/2011	83.16	17.30	15.57
2/3/2011	81.75	16.69	15.05
2/4/2011	81.11	15.93	14.67
2/7/2011	80.54	16.28	14.33
2/8/2011	78.93	15.81	13.82
2/9/2011	82.11	15.87	14.13
2/10/2011	83.73	16.09	14.63
2/11/2011	84.5	15.69	14.27
2/14/2011	82.67	15.95	14.55
2/15/2011	84.38	16.37	14.87
2/16/2011	83.05	16.72	14.63
2/17/2011	83.03	16.59	15.09
2/18/2011	85.47	16.43	14.37
2/22/2011	99.18	20.80	18.74
2/23/2011	99.04	22.13	20.26
2/24/2011	94.07	21.32	19.91
2/25/2011	86.17	19.22	17.81
2/28/2011	81.78	18.35	16.54
3/1/2011	89.28	21.01	19.45
3/2/2011	87.55	20.70	19.63
3/3/2011	82.36	18.60	17.17
3/4/2011	81.48	19.06	18.14
3/7/2011	84.32	20.66	19.45
3/8/2011	80.84	19.82	18.68
3/9/2011	84.89	20.22	19.12
3/10/2011	88.16	21.88	21.92
3/11/2011	83.21	20.08	20.62
3/14/2011	83.89	21.13	20.71
3/15/2011	89.68	24.32	23.48
3/16/2011	112.39	29.40	28.90
3/17/2011	101.45	26.37	25.49
3/18/2011	96.28	24.44	23.55
3/21/2011	89.17	20.61	19.66
3/22/2011	87.39	20.21	19.49
3/23/2011	84.77	19.17	18.54
3/24/2011	84.17	18.00	17.78
3/25/2011	84.53	17.91	17.66
3/28/2011	89.94	19.44	18.00
3/29/2011	84.96	18.16	17.25
3/30/2011	82.75	17.71	16.41
3/31/2011	82.51	17.74	16.45
4/1/2011	81.98	17.40	15.95
4/4/2011	81.84	17.50	15.87
4/5/2011	81.44	17.25	15.17
4/6/2011	83.22	16.90	15.19
4/7/2011	82.39	17.11	15.56
4/8/2011	83.43	17.87	16.53
4/11/2011	84.16	16.59	16.22
4/12/2011	85.36	17.09	16.84
4/13/2011	86.04	16.92	16.50
4/14/2011	86.07	16.27	16.06
4/15/2011	85.72	15.32	15.30
4/18/2011	89.11	16.96	16.18
4/19/2011	85.73	15.83	14.75
4/20/2011	86.21	15.07	14.27
4/21/2011	87.71	14.69	13.45
4/25/2011	87.68	15.77	14.30
4/26/2011	85.72	15.62	14.17
4/27/2011	83.21	15.35	14.25
4/28/2011	82.89	14.62	13.54
4/29/2011	83.98	14.75	14.06
5/2/2011	88.5	15.99	14.80
5/3/2011	90.62	16.70	15.15
5/4/2011	91.39	17.08	15.79
5/5/2011	95.08	18.20	17.97
5/6/2011	94.43	18.40	17.76
5/9/2011	90.86	17.16	15.98
5/10/2011	87.56	15.91	14.97
5/11/2011	96.25	16.95	16.64
5/12/2011	93.57	16.03	15.79
5/13/2011	93.86	17.07	17.02
5/16/2011	94.44	18.24	17.82
5/17/2011	93.64	17.55	17.26
5/18/2011	90.7	16.23	15.76
5/19/2011	87.53	15.52	15.29
5/20/2011	90.23	17.43	16.41
5/23/2011	92.08	18.27	17.69
5/24/2011	88.47	17.82	17.14
5/25/2011	85.29	17.07	16.64
5/26/2011	81.48	16.09	15.99
5/27/2011	81.46	15.98	15.76
5/31/2011	80.92	15.45	14.54
6/1/2011	87.59	18.30	18.07
6/2/2011	85.22	18.09	18.20
6/3/2011	85.54	17.95	18.06
6/6/2011	88.15	18.49	18.51
6/7/2011	83.72	18.07	18.35
6/8/2011	88.98	18.79	18.79
6/9/2011	85.65	17.77	17.98
6/10/2011	93.34	18.86	19.30
6/13/2011	98.35	19.61	19.04
6/14/2011	91.74	18.26	17.64
6/15/2011	105.07	21.32	20.51
6/16/2011	100.39	22.73	21.97
6/17/2011	95.31	21.85	21.44
6/20/2011	90.25	19.99	19.75
6/21/2011	90.55	18.86	18.82
6/22/2011	91.71	18.52	18.57
6/23/2011	93.09	19.29	19.40
6/24/2011	99.14	21.10	21.59
6/27/2011	94.29	20.56	20.05
6/28/2011	90.33	19.17	18.80
6/29/2011	85.9	17.27	16.09
6/30/2011	81.08	16.52	15.28
7/1/2011	78.64	15.87	15.22
7/5/2011	81.34	16.06	15.30
7/6/2011	82.69	16.34	15.67
7/7/2011	80.7	15.95	15.49
7/8/2011	80.82	15.95	15.65
7/11/2011	90.87	18.39	18.18
7/12/2011	88.39	19.87	19.48
7/13/2011	88.92	19.91	19.44
7/14/2011	95.72	20.80	20.35
7/15/2011	89.33	19.53	18.89
7/18/2011	97.81	20.95	19.78
7/19/2011	91.01	19.21	18.16
7/20/2011	86.06	19.09	18.25
7/21/2011	81.68	17.56	17.36
7/22/2011	82.45	17.52	17.25
7/25/2011	90.2	19.35	18.61
7/26/2011	93.35	20.23	19.50
7/27/2011	102.01	22.98	22.82
7/28/2011	105.62	23.74	23.47
7/29/2011	106.57	25.25	25.94
8/1/2011	95.89	23.66	23.57
8/2/2011	102.01	24.79	25.61
8/3/2011	98.58	23.38	23.47
8/4/2011	121.76	31.66	34.21
8/5/2011	118.61	32.00	32.85
8/8/2011	134.63	48.00	50.13
8/9/2011	112.8	35.06	34.24
8/10/2011	132.86	42.99	46.60
8/11/2011	128.76	39.00	40.22
8/12/2011	120.19	36.36	37.37
8/15/2011	109	31.87	30.86
8/16/2011	104.66	32.85	32.42
8/17/2011	104.62	31.58	29.96
8/18/2011	106.66	42.67	40.93
8/19/2011	111.58	43.05	42.40
8/22/2011	111.25	42.44	41.59
8/23/2011	103.43	36.27	34.91
8/24/2011	104.54	35.90	34.62
8/25/2011	112.4	39.76	39.74
8/26/2011	104.72	35.59	35.87
8/29/2011	96.51	32.28	31.11
8/30/2011	96.16	32.89	32.48
8/31/2011	94.16	31.62	31.42
9/1/2011	92.31	31.82	31.72
9/2/2011	91	33.92	33.72
9/6/2011	97.01	37.00	35.82
9/7/2011	93.3	33.38	32.27
9/8/2011	93.45	34.32	33.62
9/9/2011	99.07	38.52	40.63
9/12/2011	97.07	38.59	38.90
9/13/2011	96.14	36.91	37.34
9/14/2011	100.22	34.60	35.80
9/15/2011	96.69	31.97	32.51
9/16/2011	93.67	30.98	31.28
9/19/2011	95.95	32.73	32.22
9/20/2011	92.9	32.86	32.88
9/21/2011	98.58	37.32	36.09
9/22/2011	103.91	41.35	42.16
9/23/2011	104.77	41.25	41.63
9/26/2011	102.89	39.02	38.88
9/27/2011	100.31	37.71	37.18
9/28/2011	104.3	41.08	41.96
9/29/2011	101.05	38.84	38.80
9/30/2011	101.08	42.96	44.11
10/3/2011	103.89	45.45	45.57
10/4/2011	99.31	40.82	41.60
10/5/2011	94.66	37.81	38.58
10/6/2011	93.52	36.27	37.17
10/7/2011	92.57	36.20	36.88
10/10/2011	89.39	33.02	32.32
10/11/2011	90.98	32.86	31.05
10/12/2011	91.34	31.26	29.73
10/13/2011	95.1	30.70	29.16
10/14/2011	94.69	28.24	27.15
10/17/2011	103.55	33.39	31.40
10/18/2011	100.21	31.56	29.94
10/19/2011	103.29	34.44	33.21
10/20/2011	102.97	34.78	33.56
10/21/2011	98.05	31.32	30.14
10/24/2011	97.13	29.26	27.69
10/25/2011	97.75	32.22	30.85
10/26/2011	97.74	29.86	29.01
10/27/2011	94.44	25.46	24.65
10/28/2011	94.19	24.53	24.21
10/31/2011	104.84	29.96	28.31
11/1/2011	113.15	34.77	34.47
11/2/2011	107.4	32.74	31.55
11/3/2011	104.28	30.50	29.43
11/4/2011	103.34	30.16	29.25
11/7/2011	103.35	29.85	27.97
11/8/2011	98.05	27.48	25.25
11/9/2011	122.73	36.16	34.96
11/10/2011	113.54	32.81	31.39
11/11/2011	112.1	30.04	28.72
11/14/2011	112.35	31.13	30.14
11/15/2011	107.55	31.22	30.38
11/16/2011	111.18	33.51	32.46
11/17/2011	111.86	34.51	34.46
11/18/2011	101.92	32.00	32.20
11/21/2011	99.6	32.91	33.42
11/22/2011	98.53	31.97	32.31
11/23/2011	101.46	33.98	35.00
11/25/2011	98.98	34.47	36.09
11/28/2011	96.23	32.13	31.84
11/29/2011	95.47	30.64	31.13
11/30/2011	92.22	27.80	27.24
12/1/2011	90.88	27.41	27.68
12/2/2011	92.46	27.52	27.93
12/5/2011	92.97	27.84	27.21
12/6/2011	92.21	28.13	27.65
12/7/2011	92.84	28.67	29.72
12/8/2011	94.97	30.59	30.99
12/9/2011	90.92	26.38	26.11
12/12/2011	93.21	25.67	26.35
12/13/2011	94.55	25.41	25.57
12/14/2011	99.63	26.04	26.44
12/15/2011	97.71	25.11	25.45
12/16/2011	94.28	24.29	25.02
12/19/2011	90.27	24.92	24.92
12/20/2011	88.64	23.22	22.74
12/21/2011	85.54	21.43	21.43
12/22/2011	86.18	21.16	21.31
12/23/2011	86.54	20.73	20.53
12/27/2011	88.13	21.91	20.89
12/28/2011	94.08	23.52	22.96
12/29/2011	91.8	22.65	21.95
12/30/2011	91.7	23.40	22.98
1/3/2012	91.39	22.97	21.57
1/4/2012	88.89	22.22	20.54
1/5/2012	87.69	21.48	20.14
1/6/2012	86.95	20.63	19.77
1/9/2012	87.8	21.07	19.28
1/10/2012	88.82	20.69	19.17
1/11/2012	93.17	21.05	19.62
1/12/2012	90.51	20.47	19.18
1/13/2012	93.55	20.91	20.13
1/17/2012	93.66	22.20	21.01
1/18/2012	90.09	20.89	19.41
1/19/2012	88.73	19.87	18.86
1/20/2012	89.24	18.28	16.99
1/23/2012	89.59	18.67	16.92
1/24/2012	89.01	18.91	17.36
1/25/2012	86.01	18.31	17.04
1/26/2012	88.92	18.57	17.57
1/27/2012	87.44	18.53	18.06
1/30/2012	89.86	19.40	17.91
1/31/2012	88.51	19.44	18.30
2/1/2012	85.78	18.55	17.45
2/2/2012	84.1	17.98	17.03
2/3/2012	84.04	17.10	16.19
2/6/2012	85.38	17.76	16.08
2/7/2012	83.79	17.65	16.17
2/8/2012	97.01	18.16	16.77
2/9/2012	100.76	18.63	16.90
2/10/2012	104.15	20.79	18.76
2/13/2012	102.45	19.04	17.21
2/14/2012	107.82	19.54	17.40
2/15/2012	114.65	21.14	19.43
2/16/2012	110.41	19.22	17.13
2/17/2012	108.56	17.78	16.33
2/21/2012	107.71	18.19	16.25
2/22/2012	100.81	18.19	16.34
2/23/2012	94.44	16.80	15.28
2/24/2012	99.43	17.31	15.44
2/27/2012	101.68	18.19	15.92
2/28/2012	99.13	17.96	15.63
2/29/2012	101.6	18.43	16.11
3/1/2012	97.43	17.26	15.23
3/2/2012	96.94	17.29	15.20
3/5/2012	98.18	18.05	15.29
3/6/2012	105.11	20.87	18.05
3/7/2012	100.46	19.07	16.98
3/8/2012	97.19	17.95	16.13
3/9/2012	97.98	17.11	15.37
3/12/2012	98.61	15.64	14.70
3/13/2012	98.47	14.80	14.66
03/14/2012	106.63	15.31	15.52
03/15/2012	108.42	15.42	14.59
03/16/2012	105.78	14.47	13.73
03/19/2012	106.49	15.04	13.73
03/20/2012	109.38	15.58	14.27
03/21/2012	104.65	15.13	14.42
03/22/2012	102.53	15.57	15.09
03/23/2012	98.6	14.82	14.41
03/26/2012	96.08	14.26	13.42
03/27/2012	101.15	15.59	14.50
03/28/2012	102.74	15.47	14.58
03/29/2012	101.94	15.48	14.65
03/30/2012	100.28	15.50	14.66
04/02/2012	100.38	15.64	13.96
04/03/2012	98.37	15.66	14.10
04/04/2012	99.73	16.44	15.35
04/05/2012	99.47	16.70	15.79
04/09/2012	104.59	18.81	17.55
04/10/2012	109.13	20.39	19.66
04/11/2012	111.19	20.02	19.34
04/12/2012	104.27	17.20	16.77
04/13/2012	110.76	19.55	19.28
04/16/2012	110.97	19.55	19.49
04/17/2012	107.01	18.46	17.67
04/18/2012	106.06	18.64	18.36
04/19/2012	103.96	18.36	18.43
04/20/2012	101.08	17.44	17.54
04/23/2012	104.01	18.97	18.66
04/24/2012	99.84	18.10	17.99
04/25/2012	93.28	16.82	16.12
04/26/2012	89.65	16.24	15.75
04/27/2012	88.62	16.32	15.68
04/30/2012	89.32	17.15	16.05
05/01/2012	87.06	16.60	15.66
05/02/2012	86.29	16.88	16.04
05/03/2012	88.35	17.56	16.88
05/04/2012	91.31	19.16	18.82
05/07/2012	90.91	18.94	18.08
05/08/2012	91.33	19.05	18.65
05/09/2012	102.07	20.08	20.33
05/10/2012	98.65	18.83	19.10
05/11/2012	100.12	19.89	20.56
05/14/2012	105.85	21.87	21.62
05/15/2012	109.61	21.97	22.10
05/16/2012	109.22	22.27	22.07
05/17/2012	112.84	24.49	24.28
05/18/2012	117.44	25.10	24.52
05/21/2012	108.5	22.01	21.75
05/22/2012	110.48	22.48	21.39
05/23/2012	107.48	22.33	21.87
05/24/2012	104.52	21.54	21.12
05/25/2012	103.1	21.76	21.44
05/29/2012	100.98	21.03	19.88
05/30/2012	109.73	24.14	22.82
05/31/2012	108.75	24.06	23.06
06/01/2012	111.41	26.66	26.21
06/04/2012	107.04	26.12	24.84
06/05/2012	102.78	24.68	23.86
06/06/2012	97.71	22.16	21.45
06/07/2012	98.36	21.72	20.96
06/08/2012	96.6	21.23	20.18
06/11/2012	105.51	23.56	23.55
06/12/2012	103.22	22.09	22.07
06/13/2012	110.6	24.27	23.99
06/14/2012	107.78	21.68	22.52
06/15/2012	108.23	21.11	20.85
06/18/2012	99.3	18.32	18.20
06/19/2012	98.13	18.38	17.64
06/20/2012	96.41	17.24	16.61
06/21/2012	105.47	20.08	19.79
06/22/2012	104.13	18.11	17.90
06/25/2012	104.46	20.38	20.13
06/26/2012	100.66	19.72	19.43
06/27/2012	98.11	19.45	19.35
06/28/2012	97.21	19.71	19.69
06/29/2012	89.59	17.08	16.54
07/02/2012	85.61	16.80	15.67
07/03/2012	84.59	16.66	15.73
07/05/2012	89.43	17.50	17.17
07/06/2012	90.1	17.10	16.70
07/09/2012	92.85	17.98	17.24
07/10/2012	94.91	18.72	17.93
07/11/2012	96.25	17.95	17.80
07/12/2012	95.22	18.33	18.07
07/13/2012	91.1	16.74	16.08
07/16/2012	94.21	17.11	16.92
07/17/2012	93.49	16.48	15.96
07/18/2012	94.03	16.16	15.97
07/19/2012	93.73	15.45	15.75
07/20/2012	100.61	16.27	15.99
07/23/2012	107.32	18.62	17.19
07/24/2012	111.65	20.47	19.00
07/25/2012	106.53	19.34	18.56
07/26/2012	98.59	17.53	16.65
07/27/2012	93.08	16.70	16.35
07/30/2012	94.74	18.03	17.13
07/31/2012	96.11	18.93	18.19
08/01/2012	94.23	18.96	18.42
08/02/2012	89.63	17.57	16.85
08/03/2012	84.5	15.64	14.77
08/06/2012	84.47	15.95	14.78
08/07/2012	86.87	15.99	14.90
08/08/2012	85.18	15.32	14.48
08/09/2012	83.91	15.28	14.00
08/10/2012	84.83	14.74	13.89
08/13/2012	89.58	13.70	13.94
08/14/2012	94.33	14.85	14.62
08/15/2012	97.95	14.63	14.79
08/16/2012	95.65	14.29	14.12
08/17/2012	95.02	13.45	13.42
08/20/2012	96.64	14.02	12.89
08/21/2012	97.41	15.02	14.02
08/22/2012	99.14	15.11	14.22
08/23/2012	98.4	15.96	15.32
08/24/2012	94.99	15.18	14.62
08/27/2012	94.89	16.35	14.92
08/28/2012	94.43	16.49	15.57
08/29/2012	94.71	17.06	16.23
08/30/2012	96.33	17.83	17.20
08/31/2012	93.3	17.47	16.32
09/04/2012	93.71	17.98	17.03
09/05/2012	90.15	17.74	17.15
09/06/2012	83.65	15.60	14.68
09/07/2012	82.24	14.38	13.37
09/10/2012	92.77	16.28	15.27
09/11/2012	92.39	16.41	15.40
09/12/2012	93.94	15.80	15.45
09/13/2012	87.81	14.05	13.78
09/14/2012	93.04	14.51	14.36
09/17/2012	92.95	14.59	13.96
09/18/2012	90.13	14.18	13.31
09/19/2012	88.61	13.88	13.13
09/20/2012	88.72	14.07	12.92
09/21/2012	87.9	13.98	12.37
09/24/2012	85.88	14.15	12.45
09/25/2012	92.79	15.43	13.93
09/26/2012	95.05	16.81	15.36
09/27/2012	88.24	14.84	13.48
09/28/2012	90.49	15.73	14.57
10/01/2012	92.51	16.32	14.60
10/02/2012	90.25	15.71	14.36
10/03/2012	87.56	15.43	14.05
10/04/2012	83.51	14.55	13.76
10/05/2012	83.1	14.33	13.58
10/08/2012	85.85	15.11	13.89
10/09/2012	88.53	16.37	15.24
10/10/2012	94.36	16.29	15.51
10/11/2012	90.74	15.59	15.04
10/12/2012	91.87	16.14	15.74
10/15/2012	92.92	15.27	14.69
10/16/2012	90.31	15.22	14.42
10/17/2012	85.6	15.07	14.12
10/18/2012	86.51	15.03	14.30
10/19/2012	92.63	17.06	15.91
10/22/2012	92.48	16.62	15.34
10/23/2012	99.66	18.83	18.06
10/24/2012	96.39	18.33	18.22
10/25/2012	91.86	18.12	17.54
10/26/2012	89.43	17.81	17.88
10/31/2012	90.23	18.60	18.60
11/01/2012	81.7	16.69	16.90
11/02/2012	87.84	17.59	17.87
11/05/2012	90.75	18.42	18.63
11/06/2012	87.56	17.58	17.75
11/07/2012	94.75	19.08	19.45
11/08/2012	93.39	18.49	18.93
11/09/2012	94.02	18.61	19.35
11/12/2012	90.54	16.68	17.68
11/13/2012	87.84	16.65	17.56
11/14/2012	94.66	17.92	19.16
11/15/2012	94.54	17.99	19.28
11/16/2012	90.27	16.41	17.66
11/19/2012	88.43	15.24	15.47
11/20/2012	85.93	15.08	15.30
11/21/2012	85.85	15.31	15.48
11/23/2012	82.86	15.14	15.41
11/26/2012	82.45	15.50	15.23
11/27/2012	84.17	15.92	15.98
11/28/2012	80.39	15.51	15.62
11/29/2012	78.42	15.06	15.41
11/30/2012	78.59	15.87	16.15
12/03/2012	84.07	16.64	16.16
12/04/2012	86.18	17.12	17.13
12/05/2012	82.98	16.46	16.86
12/06/2012	84.15	16.58	17.06
12/07/2012	80.74	15.90	16.24
12/10/2012	81.56	16.05	16.17
12/11/2012	78.7	15.57	15.78
12/12/2012	83.02	15.95	16.03
12/13/2012	86.74	16.56	16.71
12/14/2012	86.39	17.00	17.46
12/17/2012	82.1	16.34	16.46
12/18/2012	79.36	15.57	15.77
12/19/2012	83.33	17.36	17.39
12/20/2012	83.06	17.67	17.62
12/21/2012	87.7	17.84	17.12
12/24/2012	89.27	18.59	17.66
12/26/2012	92.17	19.48	18.64
12/27/2012	90.89	19.47	19.16
12/28/2012	104.72	22.72	23.07
12/31/2012	92.5	18.02	18.53
01/02/2013	78.77	14.68	13.30
01/03/2013	77.02	14.56	14.01
01/04/2013	75.18	13.83	13.80
01/07/2013	76.77	13.79	13.08
01/08/2013	78.37	13.62	13.21
01/09/2013	78.51	13.81	13.55
01/10/2013	77.49	13.49	13.29
01/11/2013	78.52	13.36	13.32
01/14/2013	78.28	13.52	13.64
01/15/2013	77.84	13.55	13.61
01/16/2013	77.26	13.42	13.34
01/17/2013	78.77	13.57	13.42
01/18/2013	73.43	12.46	12.14
01/22/2013	73.87	12.43	11.98
01/23/2013	71.86	12.46	11.81
01/24/2013	76.17	12.69	12.29
01/25/2013	76.92	12.89	12.45
01/28/2013	78.16	13.57	12.87
01/29/2013	73.61	13.31	12.67
01/30/2013	77.34	14.32	13.79
01/31/2013	76.72	14.28	13.99
02/01/2013	73.29	12.90	12.44
02/04/2013	77.79	14.67	13.95
02/05/2013	75.07	13.72	12.74
02/06/2013	77.24	13.41	13.01
02/07/2013	76.86	13.50	12.88
02/08/2013	74.42	13.02	12.44
02/11/2013	76.1	12.94	12.45
02/12/2013	73.83	12.64	12.26
02/13/2013	73.25	12.98	12.59
02/14/2013	72.99	12.66	12.08
02/15/2013	72.55	12.46	11.91
02/19/2013	70.45	12.31	11.37
02/20/2013	79.65	14.68	13.97
02/21/2013	80.83	15.22	14.94
02/22/2013	78.66	14.17	13.74
02/25/2013	94.34	18.99	18.74
02/26/2013	90.23	16.87	16.44
02/27/2013	82.29	14.73	14.02
02/28/2013	86.57	15.51	14.76
03/01/2013	87.83	15.36	14.65
03/04/2013	82.27	14.01	12.74
03/05/2013	79.32	13.48	12.16
03/06/2013	78.78	13.53	12.36
03/07/2013	77.16	13.06	11.99
03/08/2013	76.65	12.59	11.62
03/11/2013	77.32	11.56	11.67
03/12/2013	79.99	12.27	11.79
03/13/2013	84.36	11.83	11.77
03/14/2013	83.5	11.30	11.25
03/15/2013	85.72	11.30	10.97
03/18/2013	93.07	13.36	12.69
03/19/2013	94.39	14.39	13.43
03/20/2013	89.45	12.67	12.00
03/21/2013	93.98	13.99	13.96
03/22/2013	91.78	13.57	13.24
03/25/2013	88.86	13.74	13.12
03/26/2013	85.14	12.77	11.93
03/27/2013	85.32	13.15	12.45
03/28/2013	83.2	12.70	12.04
04/01/2013	84.23	13.58	12.81
04/02/2013	80.49	12.78	11.81
04/03/2013	85.23	14.21	13.63
04/04/2013	83.12	13.89	13.54
04/05/2013	84.49	13.92	13.87
04/08/2013	82.12	13.19	12.90
04/09/2013	82.04	12.84	12.22
04/10/2013	82.75	12.36	11.78
04/11/2013	83.37	12.24	11.69
04/12/2013	82.39	12.06	11.68
04/15/2013	104.62	17.27	16.23
04/16/2013	88.19	13.96	13.01
04/17/2013	105.26	16.51	15.99
04/18/2013	107.65	17.56	16.37
04/19/2013	95.52	14.97	14.27
04/22/2013	90.91	14.39	13.05
04/23/2013	85.16	13.48	12.36
04/24/2013	84.99	13.61	12.87
04/25/2013	85.89	13.62	13.28
04/26/2013	85.09	13.61	12.93
04/29/2013	84.42	13.71	12.70
04/30/2013	83.46	13.52	12.54
05/01/2013	88.11	14.49	13.79
05/02/2013	83.82	13.59	12.89
05/03/2013	80.91	12.85	12.16
05/06/2013	79.78	12.66	11.54
05/07/2013	78.86	12.83	11.66
05/08/2013	79.81	12.66	11.52
05/09/2013	81.14	13.13	12.40
05/10/2013	80.45	12.59	11.63
05/13/2013	80.45	12.55	12.47
05/14/2013	80.45	12.77	12.65
05/15/2013	83.15	12.81	12.50
05/16/2013	84.5	13.07	12.58
05/17/2013	84	12.45	12.24
05/20/2013	85.01	13.02	12.25
05/21/2013	88.04	13.37	12.89
05/22/2013	88.23	13.82	13.50
05/23/2013	87.4	14.07	13.70
05/24/2013	83.88	13.99	13.64
05/28/2013	82.65	14.48	13.82
05/29/2013	81.72	14.83	14.34
05/30/2013	80.22	14.53	14.12
05/31/2013	84.87	16.30	15.82
06/03/2013	86.99	16.28	15.26
06/04/2013	87.39	16.27	16.17
06/05/2013	93.18	17.50	17.34
06/06/2013	91.91	16.63	16.82
06/07/2013	84.19	15.14	14.59
06/10/2013	82.94	15.44	14.84
06/11/2013	92.32	17.07	16.77
06/12/2013	101.77	18.59	18.46
06/13/2013	95.08	16.41	16.33
06/14/2013	93.87	17.15	17.26
06/17/2013	90.45	16.80	16.75
06/18/2013	89.99	16.61	16.39
06/19/2013	88.59	16.64	16.48
06/20/2013	100.98	20.49	21.33
06/21/2013	96.1	18.90	18.91
06/24/2013	100.93	20.11	19.92
06/25/2013	94.83	18.47	18.31
06/26/2013	90.76	17.21	17.25
06/27/2013	86.05	16.86	16.70
06/28/2013	86.54	16.86	17.24
07/01/2013	84.89	16.37	16.01
07/02/2013	83.7	16.44	16.11
07/03/2013	82.72	16.20	16.18
07/05/2013	77.41	14.89	14.62
07/08/2013	75.49	14.78	14.12
07/09/2013	75.92	14.35	13.74
07/10/2013	79.54	14.21	14.25
07/11/2013	77.16	14.01	13.84
07/12/2013	76.14	13.84	13.46
07/15/2013	76.22	13.79	13.96
07/16/2013	80.84	14.42	14.21
07/17/2013	77.06	13.78	13.64
07/18/2013	74.68	13.77	13.50
07/19/2013	73.64	12.54	12.58
07/22/2013	72.49	12.29	11.81
07/23/2013	75.05	12.66	12.08
07/24/2013	76.8	13.18	12.67
07/25/2013	76.74	12.97	12.43
07/26/2013	76.54	12.72	12.08
07/29/2013	76.65	13.39	12.38
07/30/2013	74.35	13.39	12.84
07/31/2013	73.08	13.45	13.28
08/01/2013	71.1	12.94	12.71
08/02/2013	70.36	11.98	11.19
08/05/2013	69.74	11.84	10.94
08/06/2013	75.53	12.72	11.65
08/07/2013	76.57	12.98	11.98
08/08/2013	75.41	12.73	11.67
08/09/2013	77.33	13.41	12.63
08/12/2013	78.77	12.81	13.07
08/13/2013	78.94	12.31	12.39
08/14/2013	80.22	13.04	13.06
08/15/2013	86.21	14.73	14.86
08/16/2013	84.09	14.37	14.37
08/19/2013	86.91	15.10	14.31
08/20/2013	89.08	14.91	14.78
08/21/2013	90.38	15.94	15.59
08/22/2013	84.52	14.76	14.72
08/23/2013	80.02	13.98	13.91
08/26/2013	83.06	14.99	14.34
08/27/2013	92.36	16.77	16.35
08/28/2013	91.46	16.49	16.15
08/29/2013	91.49	16.81	16.71
08/30/2013	92.6	17.01	17.62
09/03/2013	90.66	16.61	16.53
09/04/2013	88.28	15.88	15.57
09/05/2013	85.8	15.77	15.71
09/06/2013	86.51	15.85	15.38
09/09/2013	83.46	15.63	15.10
09/10/2013	79.25	14.53	13.83
09/11/2013	78.4	13.82	13.17
09/12/2013	80.97	14.29	13.91
09/13/2013	79.73	14.16	13.91
09/16/2013	80.09	14.38	14.24
09/17/2013	79.49	14.53	14.19
09/18/2013	74.65	13.59	13.40
09/19/2013	73.22	13.16	13.21
09/20/2013	76.89	13.12	12.95
09/23/2013	77.56	14.31	13.63
09/24/2013	74.78	14.08	13.39
09/25/2013	73.08	14.01	13.56
09/26/2013	69.96	14.06	13.50
09/27/2013	74.93	15.46	14.68
09/30/2013	81.67	16.60	15.97
10/01/2013	76.43	15.54	14.55
10/02/2013	85.73	16.60	16.29
10/03/2013	93.79	17.67	16.86
10/04/2013	88.71	16.74	15.97
10/07/2013	103.08	19.41	18.33
10/08/2013	106.55	20.34	19.82
10/09/2013	111.43	19.60	19.01
10/10/2013	95.31	16.48	16.01
10/11/2013	90.85	15.72	14.77
10/14/2013	91.8	16.07	14.91
10/15/2013	103.37	18.66	16.91
10/16/2013	85.7	14.71	14.09
10/17/2013	72.7	13.48	12.87
10/18/2013	73.42	13.04	11.77
10/21/2013	75.02	13.16	11.54
10/22/2013	74.13	13.33	12.03
10/23/2013	72.43	13.42	12.16
10/24/2013	70.84	13.20	11.34
10/25/2013	70.03	13.09	11.62
10/28/2013	70.16	13.31	11.13
10/29/2013	68.52	13.41	12.20
10/30/2013	69.56	13.65	12.71
10/31/2013	69.44	13.75	12.54
11/01/2013	68.94	13.28	12.03
11/04/2013	67.09	12.93	11.48
11/05/2013	67.41	13.27	12.01
11/06/2013	67.41	12.67	12.01
11/07/2013	71.74	13.91	12.84
11/08/2013	69.39	12.90	12.75
11/11/2013	69.39	12.53	12.24
11/12/2013	69.39	12.82	12.23
11/13/2013	71.37	12.52	11.90
11/14/2013	71.91	12.37	11.93
11/15/2013	73.58	12.19	11.41
11/18/2013	75.06	13.10	11.76
11/19/2013	74.45	13.39	12.11
11/20/2013	69.05	13.40	12.08
11/21/2013	64.95	12.66	11.81
11/22/2013	63.77	12.26	11.45
11/25/2013	64.88	12.79	11.20
11/26/2013	65.14	12.81	11.49
11/27/2013	64.81	12.98	11.69
11/29/2013	64.81	13.70	12.71
12/02/2013	69.59	14.23	12.69
12/03/2013	73.21	14.55	12.80
12/04/2013	72.73	14.70	13.37
12/05/2013	75.8	15.08	14.24
12/06/2013	70.45	13.79	12.74
12/09/2013	70.45	13.49	12.35
12/10/2013	70.45	13.91	13.02
12/11/2013	80.55	15.42	14.61
12/12/2013	83.38	15.54	15.30
12/13/2013	85.39	15.76	15.77
12/16/2013	83.2	16.03	15.01
12/17/2013	82.23	16.21	15.15
12/18/2013	67.17	13.80	12.80
12/19/2013	67.03	14.15	12.76
12/20/2013	68	13.79	11.80
12/23/2013	63.49	13.04	11.42
12/24/2013	63.49	12.48	11.00
12/26/2013	62.71	12.33	11.22
12/27/2013	66.67	12.46	10.93
12/30/2013	69.71	13.56	11.67
12/31/2013	70.83	13.72	12.25
01/02/2014	73.14	14.23	12.59
01/03/2014	70.03	13.76	12.40
01/06/2014	68.33	13.55	11.95
01/07/2014	68.33	12.92	11.47
01/08/2014	68.33	12.87	11.71
01/09/2014	68.33	12.89	11.93
01/10/2014	67.74	12.14	11.06
01/13/2014	75.71	13.28	12.72
01/14/2014	69.31	12.28	11.59
01/15/2014	69.56	12.28	11.46
01/16/2014	73.98	12.53	11.90
01/17/2014	75.72	12.44	11.24
01/21/2014	77.78	12.87	11.30
01/22/2014	74.46	12.84	11.55
01/23/2014	78.25	13.77	12.67
01/24/2014	97.71	18.14	16.33
01/27/2014	93.5	17.42	15.61
01/28/2014	83.96	15.80	14.92
01/29/2014	92.47	17.35	16.58
01/30/2014	92.35	17.29	15.78
01/31/2014	99.66	18.41	17.44
02/03/2014	106.78	21.44	19.77
02/04/2014	100.4	19.11	17.59
02/05/2014	102.87	19.95	18.52
02/06/2014	92.58	17.23	16.55
02/07/2014	83.17	15.29	14.05
02/10/2014	79.89	15.26	13.84
02/11/2014	78.64	14.51	12.75
02/12/2014	79.56	14.30	13.48
02/13/2014	78.41	14.14	12.70
02/14/2014	77.49	13.57	12.13
02/18/2014	75.82	13.87	13.16
02/19/2014	86.23	15.50	14.24
02/20/2014	79.83	14.79	13.82
02/21/2014	78.96	14.68	12.85
02/24/2014	77.84	14.23	12.51
02/25/2014	76.46	13.67	12.79
02/26/2014	79.42	14.35	13.18
02/27/2014	78.94	14.04	12.55
02/28/2014	81.45	14.00	12.93
03/03/2014	92.84	16.00	14.50
03/04/2014	82.14	14.10	12.80
03/05/2014	80.52	13.89	12.77
03/06/2014	79.55	14.21	12.98
03/07/2014	83.07	14.11	12.97
03/10/2014	82.35	14.20	12.62
03/11/2014	85.12	14.80	13.29
03/12/2014	83.45	14.47	13.10
03/13/2014	92.14	16.22	15.54
03/14/2014	97.11	17.82	17.22
03/17/2014	87.79	15.64	14.15
03/18/2014	81.89	14.52	13.66
03/19/2014	81.35	15.12	13.44
03/20/2014	77.03	14.52	13.09
03/21/2014	78.64	15.00	13.26
03/24/2014	77.29	15.09	13.38
03/25/2014	74.77	14.02	12.73
03/26/2014	76.27	14.93	13.92
03/27/2014	74.71	14.62	14.02
03/28/2014	74.86	14.41	13.45
03/31/2014	72.2	13.88	12.55
04/01/2014	67.51	13.10	11.60
04/02/2014	67.33	13.09	11.97
04/03/2014	67.73	13.37	12.73
04/04/2014	69.53	13.96	13.42
04/07/2014	74.51	15.57	14.26
04/08/2014	71.43	14.89	14.01
04/09/2014	69.19	13.82	12.64
04/10/2014	78.56	15.89	15.55
04/11/2014	83.94	17.03	17.19
04/14/2014	82.2	16.11	15.64
04/15/2014	80.67	15.61	15.03
04/16/2014	72.08	14.18	13.53
04/17/2014	70.08	13.36	12.80
04/21/2014	68.62	13.25	12.79
04/22/2014	66.74	13.19	12.35
04/23/2014	66.22	13.27	13.13
04/24/2014	68.75	13.32	12.82
04/25/2014	70.49	14.06	13.89
04/28/2014	67.63	13.97	12.86
04/29/2014	65.47	13.71	12.65
04/30/2014	64.49	13.41	12.33
05/01/2014	64.5	13.25	12.39
05/02/2014	64.54	12.91	11.82
05/05/2014	64.4	13.29	11.84
05/06/2014	64.93	13.80	13.14
05/07/2014	62.64	13.40	12.55
05/08/2014	62.16	13.43	12.60
05/09/2014	61.76	12.92	11.60
05/12/2014	61.76	12.23	11.83
05/13/2014	61.76	12.13	12.00
05/14/2014	69.03	12.17	11.76
05/15/2014	71.6	13.17	12.85
05/16/2014	68.72	12.44	11.93
05/19/2014	67.58	12.42	11.64
05/20/2014	68.77	12.96	12.28
05/21/2014	66.56	11.91	11.19
05/22/2014	68.06	12.03	11.32
05/23/2014	66.86	11.36	11.00
05/27/2014	64.95	11.51	10.78
05/28/2014	67.37	11.68	11.06
05/29/2014	66.93	11.57	10.85
05/30/2014	67.95	11.40	10.56
06/02/2014	68.76	11.58	10.72
06/03/2014	68.19	11.87	11.09
06/04/2014	67.67	12.08	11.48
06/05/2014	65.47	11.68	11.15
06/06/2014	67.08	10.73	10.27
06/09/2014	70.88	11.15	10.07
06/10/2014	70.5	10.99	9.81
06/11/2014	74.21	11.60	10.54
06/12/2014	79.97	12.56	11.59
06/13/2014	79.81	12.18	11.22
06/16/2014	81.5	12.65	11.50
06/17/2014	78.41	12.06	10.97
06/18/2014	71.76	10.61	9.63
06/19/2014	73.41	10.62	9.22
06/20/2014	73.33	10.85	9.07
06/23/2014	72.58	10.98	8.86
06/24/2014	75.24	12.13	10.38
06/25/2014	72.31	11.59	9.76
06/26/2014	72.86	11.63	9.75
06/27/2014	72.72	11.26	9.65
06/30/2014	71.56	11.57	9.54
07/01/2014	69.28	11.15	9.17
07/02/2014	68.15	10.82	8.92
07/03/2014	68.35	10.32	8.51
07/07/2014	71.66	11.33	9.45
07/08/2014	73.21	11.98	10.53
07/09/2014	76.28	11.65	9.90
07/10/2014	82.14	12.59	10.98
07/11/2014	79.91	12.08	10.44
07/14/2014	77.29	11.82	9.98
07/15/2014	78.92	11.96	10.44
07/16/2014	75.81	11.00	9.78
07/17/2014	89.96	14.54	13.13
07/18/2014	80.37	12.06	10.24
07/21/2014	81.41	12.81	10.59
07/22/2014	75.22	12.24	9.93
07/23/2014	76.64	11.52	10.27
07/24/2014	77.66	11.84	10.36
07/25/2014	81.08	12.69	11.07
07/28/2014	81.21	12.56	10.71
07/29/2014	81.72	13.28	11.69
07/30/2014	83.58	13.33	11.87
07/31/2014	97.42	16.95	16.09
08/01/2014	101.11	17.03	16.06
08/04/2014	93.12	15.12	13.49
08/05/2014	98.32	16.87	15.25
08/06/2014	96.38	16.37	15.27
08/07/2014	97.4	16.66	15.84
08/08/2014	91.84	15.77	15.22
08/11/2014	87.54	14.23	13.98
08/12/2014	85.98	14.13	13.52
08/13/2014	81.27	12.90	12.37
08/14/2014	78.48	12.42	11.38
08/15/2014	82.2	13.15	11.73
08/18/2014	81.02	12.32	10.70
08/19/2014	80.84	12.21	10.83
08/20/2014	79.9	11.78	10.51
08/21/2014	79.61	11.76	10.83
08/22/2014	79.58	11.47	10.56
08/25/2014	79.33	11.70	10.26
08/26/2014	79.39	11.63	10.38
08/27/2014	78.85	11.78	10.89
08/28/2014	80.53	12.05	10.77
08/29/2014	81.11	11.98	10.87
09/02/2014	82.41	12.25	11.05
09/03/2014	80.77	12.36	11.15
09/04/2014	79.99	12.64	11.67
09/05/2014	77.33	12.09	10.41
09/08/2014	77.84	12.66	10.66
09/09/2014	79.3	13.50	11.80
09/10/2014	82.12	12.88	11.30
09/11/2014	83.1	12.80	11.41
09/12/2014	89.25	13.31	11.96
09/15/2014	91.58	14.12	12.53
09/16/2014	84.52	12.73	11.19
09/17/2014	81.52	12.65	10.96
09/18/2014	77.47	12.03	10.50
09/19/2014	77.7	12.11	10.19
09/22/2014	87.41	13.69	11.55
09/23/2014	91.9	14.93	13.13
09/24/2014	86.21	13.27	11.69
09/25/2014	96.72	15.64	14.60
09/26/2014	90.63	14.85	13.62
09/29/2014	95.02	15.98	14.01
09/30/2014	92.47	16.31	14.77
10/01/2014	98.12	16.71	16.04
10/02/2014	93.75	16.16	15.43
10/03/2014	87.77	14.55	13.59
10/06/2014	88.73	15.46	14.11
10/07/2014	99.2	17.20	16.06
10/08/2014	89.08	15.11	14.13
10/09/2014	102.13	18.76	18.10
10/10/2014	113.38	21.24	20.20
10/13/2014	131.57	24.64	22.53
10/14/2014	120.61	22.79	20.68
10/15/2014	129.01	26.25	23.43
10/16/2014	121.94	25.20	22.94
10/17/2014	118.84	21.99	19.93
10/20/2014	108.83	18.57	17.26
10/21/2014	104.09	16.08	14.88
10/22/2014	108.82	17.87	17.02
10/23/2014	102.05	16.53	15.92
10/24/2014	104.38	16.11	15.75
10/27/2014	100.75	16.04	15.48
10/28/2014	95.89	14.39	13.62
10/29/2014	99.34	15.15	14.10
10/30/2014	98.52	14.52	14.03
10/31/2014	94.1	14.03	13.73
11/03/2014	93.19	14.73	14.17
11/04/2014	92.44	14.89	13.96
11/05/2014	87.08	14.17	13.36
11/06/2014	83.42	13.67	13.09
11/07/2014	80.44	13.12	12.43
11/10/2014	79.7	12.67	11.44
11/11/2014	79.79	12.92	11.62
11/12/2014	83.1	13.02	12.10
11/13/2014	86.29	13.79	12.17
11/14/2014	85.58	13.31	12.06
11/17/2014	84.79	13.99	12.53
11/18/2014	82.6	13.86	12.66
11/19/2014	81.06	13.96	12.46
11/20/2014	79.14	13.58	12.00
11/21/2014	79.34	12.90	11.24
11/24/2014	79.25	12.62	10.75
11/25/2014	77.93	12.25	11.00
11/26/2014	77.04	12.07	10.88
11/28/2014	79.84	13.33	12.71
12/01/2014	86.84	14.29	13.24
12/02/2014	83.47	12.85	12.36
12/03/2014	86.45	12.47	12.08
12/04/2014	85.17	12.38	11.94
12/05/2014	85.41	11.82	11.15
12/08/2014	94.45	14.21	13.23
12/09/2014	97.13	14.89	13.44
12/10/2014	117.32	18.53	17.69
12/11/2014	132.4	20.08	18.28
12/12/2014	138.6	21.08	20.89
12/15/2014	128.22	20.42	18.38
12/16/2014	132.94	23.57	21.66
12/17/2014	114.37	19.44	17.62
12/18/2014	107.24	16.81	14.88
12/19/2014	99.17	16.49	14.63
12/22/2014	99.69	15.25	13.25
12/23/2014	94.73	14.80	13.35
12/24/2014	95.29	14.37	13.55
12/26/2014	92.28	14.50	13.62
12/29/2014	94.86	15.06	13.09
12/30/2014	97.84	15.92	13.35
12/31/2014	113.08	19.20	16.27
01/02/2015	112.55	17.79	15.69
01/05/2015	121.87	19.92	17.78
01/06/2015	118.45	21.12	18.91
01/07/2015	107.69	19.31	17.95
01/08/2015	98.44	17.01	15.11
01/09/2015	103.77	17.55	16.27
01/12/2015	109.04	19.60	17.85
01/13/2015	109.22	20.56	18.97
01/14/2015	113.5	21.48	19.96
01/15/2015	117.07	22.39	21.56
01/16/2015	111.32	20.95	19.70
01/20/2015	108.4	19.89	18.91
01/21/2015	98.62	18.85	18.34
01/22/2015	93.25	16.40	15.07
01/23/2015	96.33	16.66	15.89
01/26/2015	91.94	15.52	14.37
01/27/2015	96.11	17.22	17.52
01/28/2015	108.68	20.44	20.19
01/29/2015	100.7	18.76	18.74
01/30/2015	108.99	20.97	20.97
02/02/2015	106.74	19.43	18.57
02/03/2015	101.03	17.33	16.18
02/04/2015	103.74	18.33	17.44
02/05/2015	98.56	16.85	16.30
02/06/2015	101.69	17.29	17.27
02/09/2015	104.19	18.55	17.41
02/10/2015	97.33	17.23	16.30
02/11/2015	98.73	16.96	16.24
02/12/2015	93.24	15.34	14.94
02/13/2015	92.74	14.69	14.48
02/17/2015	92.95	15.80	15.27
02/18/2015	89.38	15.45	15.51
02/19/2015	87.6	15.29	15.02
02/20/2015	85.78	14.30	14.05
02/23/2015	86.13	14.56	13.58
02/24/2015	82.65	13.69	12.98
02/25/2015	86.57	13.84	12.84
02/26/2015	86.93	13.91	13.44
02/27/2015	85.23	13.34	13.28
03/02/2015	81.84	13.04	12.36
03/03/2015	85.05	13.86	13.34
03/04/2015	84.1	14.23	13.83
03/05/2015	81.26	14.04	13.76
03/06/2015	86.88	15.20	15.58
03/09/2015	85.55	15.06	14.66
03/10/2015	91.89	16.69	17.25
03/11/2015	97.28	16.87	17.64
03/12/2015	89.48	15.42	15.96
03/13/2015	93.12	16.00	16.88
03/16/2015	90.54	15.61	15.93
03/17/2015	88.25	15.66	16.14
03/18/2015	81.22	13.97	14.01
03/19/2015	81.61	14.07	14.19
03/20/2015	80.49	13.02	12.94
03/23/2015	79.98	13.41	12.81
03/24/2015	80.04	13.62	13.73
03/25/2015	83.52	15.44	16.07
03/26/2015	87.03	15.80	16.60
03/27/2015	86.5	15.07	16.07
03/30/2015	82.16	14.51	14.57
03/31/2015	84.01	15.29	16.05
04/01/2015	82.82	15.11	16.27
04/02/2015	80.21	14.67	15.51
04/06/2015	80.3	14.74	15.02
04/07/2015	79.7	14.78	15.06
04/08/2015	84.76	13.98	14.39
04/09/2015	80.71	13.09	13.58
04/10/2015	78.91	12.58	12.50
04/13/2015	83.8	13.94	14.53
04/14/2015	81.91	13.67	13.99
04/15/2015	79.83	12.84	12.98
04/16/2015	79.78	12.60	12.75
04/17/2015	85.97	13.89	14.47
04/20/2015	81.48	13.30	12.74
04/21/2015	81.29	13.25	13.23
04/22/2015	79.7	12.71	12.68
04/23/2015	78.17	12.48	12.68
04/24/2015	76.43	12.29	12.50
04/27/2015	81.22	13.12	13.09
04/28/2015	77.68	12.41	12.33
04/29/2015	82.27	13.39	13.46
04/30/2015	87.08	14.55	15.17
05/01/2015	79.64	12.70	12.96
05/04/2015	78.56	12.85	12.57
05/05/2015	84.45	14.31	14.95
05/06/2015	90.8	15.15	16.00
05/07/2015	89.21	15.13	16.07
05/08/2015	79.44	12.86	12.57
05/11/2015	83.11	13.85	13.68
05/12/2015	84.64	13.86	14.57
05/13/2015	84.45	13.76	14.32
05/14/2015	82.34	12.74	13.23
05/15/2015	80.93	12.38	12.86
05/18/2015	82.06	12.73	12.85
05/19/2015	77.53	12.85	12.60
05/20/2015	77.03	12.88	13.13
05/21/2015	73.18	12.11	12.15
05/22/2015	75.98	12.13	12.60
05/26/2015	81.94	14.06	14.36
05/27/2015	77.79	13.27	13.12
05/28/2015	77.35	13.31	13.60
05/29/2015	79.07	13.84	14.46
06/01/2015	78.89	13.97	14.12
06/02/2015	80.61	14.24	14.40
06/03/2015	79.27	13.66	14.19
06/04/2015	87.99	14.71	15.49
06/05/2015	84.1	14.21	16.55
06/08/2015	86.5	15.29	15.82
06/09/2015	84.34	14.47	15.65
06/10/2015	81.6	13.22	13.87
06/11/2015	79.53	12.85	13.25
06/12/2015	85.55	13.78	14.64
06/15/2015	96.12	15.39	15.35
06/16/2015	95.96	14.81	15.11
06/17/2015	93.19	14.50	14.94
06/18/2015	89.2	13.19	13.36
06/19/2015	92.16	13.96	14.29
06/22/2015	83.87	12.74	12.41
06/23/2015	78.85	12.11	13.04
06/24/2015	82.53	13.26	13.37
06/25/2015	83.51	14.01	14.48
06/26/2015	83.09	14.02	14.67
06/29/2015	117	18.85	19.05
06/30/2015	110.17	18.23	18.23
07/01/2015	97.6	16.09	16.96
07/02/2015	105.14	16.79	17.72
07/06/2015	105.97	17.01	17.49
07/07/2015	99.35	16.09	16.84
07/08/2015	111.67	19.66	20.73
07/09/2015	115.36	19.97	21.47
07/10/2015	101.19	16.83	17.77
07/13/2015	85.95	13.90	13.79
07/14/2015	87.35	13.37	13.14
07/15/2015	90.81	13.23	13.46
07/16/2015	87.12	12.11	11.72
07/17/2015	85.32	11.95	11.50
07/20/2015	84.38	12.25	11.58
07/21/2015	82.56	12.22	11.76
07/22/2015	78.89	12.12	11.62
07/23/2015	81.64	12.64	12.69
07/24/2015	88.36	13.74	14.32
07/27/2015	97.32	15.60	15.61
07/28/2015	84.77	13.44	13.14
07/29/2015	82.94	12.50	12.07
07/30/2015	80.65	12.13	12.34
07/31/2015	81.77	12.12	12.40
08/03/2015	79.43	12.56	12.38
08/04/2015	80.82	13	12.88
08/05/2015	80.1	12.51	12.66
08/06/2015	84.36	13.77	14.46
08/07/2015	82.57	13.39	14.76
08/10/2015	80.21	12.23	12.52
08/11/2015	85.22	13.71	14.87
08/12/2015	88.13	13.61	15.38
08/13/2015	88.36	13.49	14.85
08/14/2015	89.38	12.83	13.93
08/17/2015	87.35	13.02	13.95
08/18/2015	88.84	13.79	13.83
08/19/2015	91.84	15.25	16.17
08/20/2015	108.75	19.14	19.98
08/21/2015	138.57	28.03	28.34
08/24/2015	168.75	40.74	37.66
08/25/2015	152.42	36.02	36.23
08/26/2015	134.31	30.32	28.35
08/27/2015	128.59	26.1	26.15
08/28/2015	127.18	26.05	25.52
08/31/2015	127.28	28.43	26.48
09/01/2015	128.94	31.4	30.78
09/02/2015	114.43	26.09	25.9
09/03/2015	118.16	25.61	25.73
09/04/2015	123.15	27.8	28.04
09/08/2015	117.62	24.9	24.69
09/09/2015	131.3	26.23	26.4
09/10/2015	127.06	24.37	25.82
09/11/2015	119.09	23.2	23.79
09/14/2015	118.01	24.25	24.12
09/15/2015	109.34	22.54	22.64
09/16/2015	107.02	21.35	21.53
09/17/2015	118.09	21.14	22.03
09/18/2015	116.26	22.28	23.2
09/21/2015	103.4	20.14	20.37
09/22/2015	111.36	22.44	22.66
09/23/2015	105.86	22.13	21.67
09/24/2015	110.12	23.47	23.57
09/25/2015	110.54	23.62	23.59
09/28/2015	115.31	27.63	27.94
09/29/2015	110.99	26.83	27.1
09/30/2015	103.28	24.5	25.12
10/01/2015	98.27	22.55	23.68
10/02/2015	95.07	20.94	22.17
10/05/2015	92.29	19.54	19.47
10/06/2015	92.46	19.4	19.51
10/07/2015	89.43	18.4	18.09
10/08/2015	88.42	17.42	17.6
10/09/2015	89.08	17.08	16.67
10/12/2015	88.27	16.17	16.14
10/13/2015	98.35	17.67	17.49
10/14/2015	102.29	18.03	18.13
10/15/2015	96.61	16.05	16.17
10/16/2015	97.58	15.05	15.08
10/19/2015	94.38	14.98	14.26
10/20/2015	97.11	15.75	15.26
10/21/2015	106.02	16.7	17.1
10/22/2015	97.07	14.45	15.08
10/23/2015	97.21	14.46	14.95
10/26/2015	98.1	15.29	15.39
10/27/2015	95.21	15.43	15.98
10/28/2015	88.28	14.33	14.55
10/29/2015	88.6	14.61	15.18
10/30/2015	90.27	15.07	15.55
11/02/2015	86.75	14.15	13.79
11/03/2015	87.34	14.54	14.15
11/04/2015	89.46	15.51	15.01
11/05/2015	87.68	15.05	14.92
11/06/2015	85.03	14.33	13.87
11/09/2015	92.97	16.52	15.87
11/10/2015	86.96	15.29	15.2
11/11/2015	91.25	16.06	15.85
11/12/2015	98.19	18.37	18.42
11/13/2015	106.06	20.08	20.57
11/16/2015	96.71	18.16	17.69
11/17/2015	100.37	18.84	18.61
11/18/2015	93.47	16.85	16.29
11/19/2015	96.18	16.99	16.69
11/20/2015	90.79	15.47	15.4
11/23/2015	88.55	15.62	15.03
11/24/2015	89.64	15.93	15.24
11/25/2015	86.14	15.19	15.11
11/27/2015	88.35	15.12	15.85
11/30/2015	90.84	16.13	16.6
12/01/2015	87.32	14.67	14.84
12/02/2015	92.94	15.91	16.58
12/03/2015	101.8	18.11	19.03
12/04/2015	89.19	14.81	15.31
12/07/2015	94.3	15.84	16.22
12/08/2015	99.16	17.6	17.87
12/09/2015	113.83	19.61	20
12/10/2015	113.8	19.34	19.52
12/11/2015	131.09	24.39	25.28
12/14/2015	122.22	22.73	21.73
12/15/2015	114.37	20.95	19.93
12/16/2015	108.93	17.86	17.65
12/17/2015	113.52	18.94	19.34
12/18/2015	118.32	20.7	21.21
12/21/2015	109.44	18.7	19.44
12/22/2015	100.91	16.6	17.74
12/23/2015	99.61	15.57	16.28
12/24/2015	99.88	15.74	16.72
12/28/2015	99.24	16.91	17.04
12/29/2015	95.13	16.08	15.87
12/30/2015	100.82	17.29	16.93
12/31/2015	100.2	18.21	18.17
01/04/2016	107.69	20.7	20.93
01/05/2016	101.84	19.34	20.08
01/06/2016	103.06	20.59	21.96
01/07/2016	116.55	24.99	26.74
01/08/2016	116.46	27.01	27.67
01/11/2016	109.63	24.3	22.96
01/12/2016	104.52	22.47	22.21
01/13/2016	117.14	25.22	25.29
01/14/2016	110.07	23.95	24.67
01/15/2016	116.41	27.02	27.75
01/19/2016	113.76	26.05	25.88
01/20/2016	112.88	27.59	28.47
01/21/2016	108.38	26.69	27.32
01/22/2016	98.92	22.34	23.18
01/25/2016	102.88	24.15	24.47
01/26/2016	98.4	22.5	23.72
01/27/2016	100.04	23.11	24.38
01/28/2016	96.56	22.42	23.51
01/29/2016	89.95	20.2	21.1
02/01/2016	89.65	19.98	20.63
02/02/2016	97.6	21.98	23.04
02/03/2016	97.32	21.65	23.27
02/04/2016	95.22	21.84	23.21
02/05/2016	100.55	23.38	25.99
02/08/2016	104.53	26	27.4
02/09/2016	103.06	26.54	29.87
02/10/2016	106.19	26.29	28.11
02/11/2016	107.21	28.14	30.78
02/12/2016	103.25	25.4	26.9
02/16/2016	94.2	24.11	25.07
02/17/2016	88.96	22.31	23.63
02/18/2016	87.53	21.64	23.02
02/19/2016	86.25	20.53	22.33
02/22/2016	86.19	19.38	19.99
02/23/2016	89.67	20.98	22.3
02/24/2016	86.74	20.72	22.35
02/25/2016	83.51	19.11	20.71
02/26/2016	83.72	19.81	21.42
02/29/2016	85.06	20.55	22.16
03/01/2016	79.45	17.7	18.59
03/02/2016	78.84	17.09	18.09
03/03/2016	79.41	16.7	18.1
03/04/2016	81.97	16.86	18.42
03/07/2016	82.3	17.35	18.37
03/08/2016	87.46	18.67	20.18
03/09/2016	92.86	18.34	19.71
03/10/2016	94.77	18.05	19.36
03/11/2016	92.35	16.5	17.26
03/14/2016	89.74	16.92	17.11
03/15/2016	90.34	16.84	16.74
03/16/2016	84.37	14.99	15.77
03/17/2016	84.71	14.44	15.16
03/18/2016	86.2	14.02	14.66
03/21/2016	87.78	13.79	13.52
03/22/2016	85.04	14.17	14.16
03/23/2016	86.06	14.94	15.02
03/24/2016	84.2	14.74	14.91
03/28/2016	83.29	15.24	15.22
03/29/2016	81.39	13.82	13.52
03/30/2016	80.33	13.56	13.1
03/31/2016	82.94	13.95	13.8
04/01/2016	81.57	13.1	13.16
04/04/2016	84.43	14.12	13.75
04/05/2016	89.11	15.42	15.44
04/06/2016	85.59	14.09	14.02
04/07/2016	92.74	16.16	16.5
04/08/2016	89.73	15.36	15.48
04/11/2016	92.81	16.26	15.93
04/12/2016	89.78	14.85	14.69
04/13/2016	87.89	13.84	13.66
04/14/2016	87.92	13.72	13.91
04/15/2016	90.27	13.62	13.87
04/18/2016	86.57	13.35	13.46
04/19/2016	86.98	13.24	13.05
04/20/2016	87.97	13.28	13.62
04/21/2016	87.07	13.95	13.53
04/22/2016	84.1	13.22	13.49
04/25/2016	85.77	14.08	13.68
04/26/2016	84.51	13.96	14.83
04/27/2016	83.1	13.77	13.79
04/28/2016	87.36	15.22	15.39
04/29/2016	91.68	15.7	16.04
05/02/2016	89.49	14.68	14.45
05/03/2016	91.66	15.6	15.41
05/04/2016	91.86	16.05	16.75
05/05/2016	91.58	15.91	16.58
05/06/2016	88.86	14.72	15.26
05/09/2016	86.42	14.57	14.75
05/10/2016	85.92	13.63	14.01
05/11/2016	91.53	14.69	14.95
05/12/2016	91.25	14.41	14.96
05/13/2016	94	15.04	15.82
05/16/2016	90.61	14.68	14.58
05/17/2016	91.76	15.57	15.71
05/18/2016	89.99	15.95	16.13
05/19/2016	90.46	16.33	16.35
05/20/2016	85.46	15.2	15.26
05/23/2016	84.12	15.82	15.02
05/24/2016	79.48	14.42	13.69
05/25/2016	78.54	13.9	12.77
05/26/2016	77.48	13.43	12.7
05/27/2016	76.17	13.12	12.2
05/31/2016	79.43	14.19	13.28
06/01/2016	78.93	14.2	13.38
06/02/2016	79.54	13.63	12.72
06/03/2016	79.08	13.47	12.59
06/06/2016	80.71	13.65	12.64
06/07/2016	82.3	14.05	13.04
06/08/2016	86.61	14.08	12.91
06/09/2016	89.98	14.64	13.68
06/10/2016	103.78	17.03	15.54
06/13/2016	124.56	20.97	18.84
06/14/2016	116.44	20.5	18.38
06/15/2016	114.23	20.14	18.87
06/16/2016	115.47	19.37	20.3
06/17/2016	115.72	19.41	18.63
06/20/2016	112.4	18.37	17.09
06/21/2016	113.46	18.48	17.41
06/22/2016	122.94	21.17	20.12
06/23/2016	104.71	17.25	15.92
06/24/2016	125.13	25.76	23.27
06/27/2016	115.6	23.85	22.01
06/28/2016	108	18.75	17.91
06/29/2016	98.6	16.64	15.95
06/30/2016	94.23	15.63	14.77
07/01/2016	91.7	14.77	13.90
07/05/2016	91.85	15.58	14.70
07/06/2016	89.24	14.96	14.22
07/07/2016	89.5	14.76	14.19
07/08/2016	84.72	13.20	12.35
07/11/2016	84.78	13.54	12.10
07/12/2016	84.98	13.55	12.30
07/13/2016	84.18	13.04	12.22
07/14/2016	86.03	12.82	12.25
07/15/2016	89.04	12.67	11.68
07/18/2016	87.2	12.44	11.40
07/19/2016	89.03	11.97	11.21
07/20/2016	87.09	11.77	11.23
07/21/2016	92.84	12.74	10.04
07/22/2016	89.51	12.02	10.55
07/25/2016	91.95	12.87	11.88
07/26/2016	91.44	13.05	12.54
07/27/2016	91.23	12.83	12.24
07/28/2016	89.81	12.72	13.63
07/29/2016	90.84	11.87	11.52
08/01/2016	90.68	12.44	11.14
08/02/2016	93.89	13.37	12.48
08/03/2016	88.59	12.86	12.02
08/04/2016	88.14	12.42	11.81
08/05/2016	85.23	11.39	10.56
08/08/2016	84.5	11.50	10.64
08/09/2016	86.65	11.66	10.52
08/10/2016	89.4	12.05	11.09
08/11/2016	97.36	11.68	10.82
08/12/2016	94.49	11.55	10.67
08/15/2016	91.67	11.81	10.50
08/16/2016	91.86	12.64	11.45
08/17/2016	84.84	12.19	11.15
08/18/2016	82.83	11.43	10.39
08/19/2016	82.44	11.34	10.32
08/22/2016	83.13	12.27	10.56
08/23/2016	83.45	12.38	10.76
08/24/2016	85.37	13.45	12.00
08/25/2016	85.43	13.63	12.54
08/26/2016	88.62	13.65	12.20
08/29/2016	85.83	12.94	11.11
08/30/2016	84.44	13.12	11.27
08/31/2016	84.87	13.42	12.15
09/01/2016	84.9	13.48	12.35
09/02/2016	81.35	11.98	10.80
09/06/2016	82.14	12.02	10.32
09/07/2016	83.08	11.94	10.62
09/08/2016	85.57	12.51	11.19
09/09/2016	110.02	17.50	17.36
09/12/2016	99.53	15.16	13.39
09/13/2016	110.02	17.85	17.06
09/14/2016	113.15	18.14	16.43
09/15/2016	109.27	16.30	15.51
09/16/2016	102.59	15.37	14.80
09/19/2016	101.58	15.53	15.01
09/20/2016	101.98	15.92	15.53
09/21/2016	92.59	13.30	13.41
09/22/2016	89.22	12.02	11.84
09/23/2016	90.4	12.29	12.24
09/26/2016	96.24	14.50	14.29
09/27/2016	88.94	13.10	12.94
09/28/2016	87.55	12.39	12.25
09/29/2016	93.78	14.02	14.82
09/30/2016	91.42	13.29	13.30
10/03/2016	91.51	13.57	13.47
10/04/2016	89.94	13.63	14.05
10/05/2016	89.88	12.99	13.49
10/06/2016	89.86	12.84	13.50
10/07/2016	90.86	13.48	14.08
10/10/2016	90.66	13.38	12.49
10/11/2016	95.43	15.36	15.25
10/12/2016	102.02	15.91	15.31
10/13/2016	103.4	16.69	16.55
10/14/2016	101.01	16.12	15.99
10/17/2016	99.34	16.21	15.80
10/18/2016	96.87	15.28	15.33
10/19/2016	93.9	14.41	14.78
10/20/2016	89.72	13.75	14.01
10/21/2016	87.34	13.34	13.57
10/24/2016	85.81	13.02	13.09
10/25/2016	86.23	13.46	13.98
10/26/2016	86.9	14.24	14.71
10/27/2016	91.21	15.36	16.28
10/28/2016	99.44	16.19	17.16
10/31/2016	102.82	17.06	18.25
11/01/2016	108.26	18.56	19.30
11/02/2016	112.39	19.32	20.78
11/03/2016	120.24	22.08	22.67
11/04/2016	120.23	22.51	24.19
11/07/2016	107.84	18.71	19.13
11/08/2016	108.67	18.74	18.75
11/09/2016	96.14	14.38	14.28
11/10/2016	102.67	14.74	15.18
11/11/2016	97.22	14.17	14.19
11/14/2016	98.22	14.48	14.34
11/15/2016	91.77	13.37	13.25
11/16/2016	92.45	13.72	13.69
11/17/2016	87.58	13.35	13.22
11/18/2016	86.4	12.85	12.91
11/21/2016	80.75	12.42	11.80
11/22/2016	83.4	12.41	11.98
11/23/2016	82.45	12.43	12.04
11/25/2016	82.65	12.34	12.08
11/28/2016	86.17	13.15	12.59
11/29/2016	86.28	12.90	12.44
11/30/2016	88.99	13.33	13.32
12/01/2016	97.79	14.07	14.03
12/02/2016	98.07	14.12	14.11
12/05/2016	88.88	12.14	11.83
12/06/2016	88.12	11.79	11.26
12/07/2016	89.11	12.22	11.93
12/08/2016	91.27	12.64	12.86
12/09/2016	89.4	11.75	10.85
12/12/2016	91.87	12.64	11.56
12/13/2016	93.32	12.72	12.30
12/14/2016	96.82	13.19	12.42
12/15/2016	93.08	12.79	12.05
12/16/2016	93.79	12.20	11.58
12/19/2016	90.51	11.71	10.63
12/20/2016	88.26	11.45	10.84
12/21/2016	87.97	11.27	10.93
12/22/2016	89.72	11.43	11.09
12/23/2016	87.64	11.44	11.09
12/27/2016	86.37	11.99	11.20
12/28/2016	89.17	12.95	12.18
12/29/2016	88.87	13.37	12.91
12/30/2016	91.6	14.04	13.43
01/03/2017	85.37	12.85	11.78
01/04/2017	82.27	11.85	11.41
01/05/2017	81.33	11.67	11
01/06/2017	80.59	11.32	11.05
01/09/2017	83.47	11.56	10.73
01/10/2017	86.36	11.49	10.8
01/11/2017	86.72	11.26	10.68
01/12/2017	90.44	11.54	11.04
01/13/2017	92.9	11.23	10.62
01/17/2017	92.39	11.87	10.98
01/18/2017	87.06	12.48	11.23
01/19/2017	86.84	12.78	11.61
01/20/2017	83.63	11.54	10.5
01/23/2017	84.51	11.77	10.77
01/24/2017	79.05	11.07	10.56
01/25/2017	78.66	10.81	10.09
01/26/2017	79.65	10.63	9.39
01/27/2017	83.63	10.58	9.87
01/30/2017	92.04	11.88	10.63
01/31/2017	89.83	11.99	11.07
02/01/2017	87.75	11.81	
02/02/2017	89.73	11.93	
02/03/2017	88.97	10.97	
02/06/2017	90.02	11.37	
02/07/2017	89.61	11.29	
02/08/2017	94.58	11.45	
02/09/2017	89.59	10.88	
02/10/2017	85.77	10.85	
02/13/2017	80.84	11.07	
02/14/2017	78.35	10.74	
02/15/2017	81.12	11.97	
02/16/2017	79.66	11.76	
02/17/2017	81.25	11.49	
02/21/2017	82.45	11.57	
02/22/2017	81.53	11.74	
02/23/2017	82.2	11.71	
02/24/2017	83.31	11.47	
02/27/2017	85.69	12.09	
02/28/2017	88.08	12.92	11.28
03/01/2017	84.03	12.54	11.68
03/02/2017	83.61	11.81	12
03/03/2017	81.19	10.96	10.08
03/06/2017	81.44	11.24	9.76
03/07/2017	81.43	11.45	10.18
03/08/2017	82.5	11.86	10.53
03/09/2017	83.64	12.3	11.17
03/10/2017	80.27	11.66	10.5
03/13/2017	81.57	11.35	9.77
03/14/2017	85.88	12.3	10.4
03/15/2017	80.76	11.63	9.85
03/16/2017	75.96	11.21	9.29
03/17/2017	78.66	11.28	9.15
03/20/2017	77.16	11.34	9.39
03/21/2017	83.02	12.47	11.21
03/22/2017	83.8	12.81	11.85
03/23/2017	88.93	13.12	12.22
03/24/2017	89.74	12.96	13.34
03/27/2017	84.86	12.5	11.41
03/28/2017	79.27	11.53	10.43
03/29/2017	78.26	11.42	10.07
03/30/2017	77.87	11.54	9.99
03/31/2017	78.31	12.37	10.47
04/03/2017	82.96	12.38	10.45
04/04/2017	79.67	11.79	9.93
04/05/2017	86.59	12.89	11.47
04/06/2017	83.91	12.39	11.31
04/07/2017	89.39	12.87	11.66
04/10/2017	97.9	14.05	11.81
04/11/2017	103.74	15.07	12.75
04/12/2017	111.53	15.77	13.03
04/13/2017	115.54	15.96	14.4
04/17/2017	101.49	14.66	13.29
04/18/2017	99.52	14.42	13.02
04/19/2017	97.89	14.93	13.87
04/20/2017	94.53	14.15	12.67
04/21/2017	95.41	14.63	13.36
04/24/2017	78.17	10.84	9.42
04/25/2017	75.64	10.76	8.62
04/26/2017	76.64	10.85	9.65
04/27/2017	76.66	10.36	9.93
04/28/2017	77.09	10.82	9.25
05/01/2017	78.33	10.11	9.13
05/02/2017	79.33	10.59	10.19
05/03/2017	78.77	10.68	9.63
05/04/2017	78	10.46	10.56
05/05/2017	80.65	10.57	9.93
05/08/2017	81.38	9.77	9.61
05/09/2017	83.63	9.96	9.44
05/10/2017	87.49	10.21	9.48
05/11/2017	86.51	10.6	9.91
05/12/2017	82.5	10.4	9.56
05/15/2017	79.53	10.42	9.51
05/16/2017	76.76	10.65	10.12
05/17/2017	111.48	15.59	13.88
05/18/2017	104.12	14.66	12.69
05/19/2017	87.21	12.04	11.07
05/22/2017	83.47	10.93	9.59
05/23/2017	84.19	10.72	9.54
05/24/2017	81.91	10.02	8.97
05/25/2017	82.2	9.99	9.26
05/26/2017	81.81	9.81	9.16
05/30/2017	84.3	10.38	9.4
05/31/2017	84.52	10.41	8.74
06/01/2017	83.83	9.89	9.15
06/02/2017	83.62	9.75	9.02
06/05/2017	86.08	10.07	8.99
06/06/2017	89.15	10.45	9.73
06/07/2017	88.22	10.39	9.49
06/08/2017	83.28	10.16	9.42
06/09/2017	87.41	10.7	10.39
06/12/2017	91.21	11.46	9.36
06/13/2017	86.66	10.42	9.06
06/14/2017	89.97	10.64	9.09
06/15/2017	89.95	10.9	9.73
06/16/2017	87	10.38	8.89
06/19/2017	85.27	10.37	8.53
06/20/2017	89.19	10.86	9.33
06/21/2017	88.07	10.75	10.6
06/22/2017	86.38	10.48	9.23
06/23/2017	84.52	10.02	9.78
06/26/2017	81.94	9.9	8.36
06/27/2017	87.3	11.06	9.99
06/28/2017	84.24	10.03	8.61
06/29/2017	93.78	11.44	10.43
06/30/2017	90.43	11.18	10.13
07/03/2017	93.31	11.22	10.04
07/05/2017	91.98	11.07	9.73
07/06/2017	100.21	12.54	12.16
07/07/2017	92.5	11.19	9.97
07/10/2017	89.69	11.11	8.93
07/11/2017	88.23	10.89	9.3
07/12/2017	88.19	10.3	10.36
07/13/2017	85.68	9.9	8.4
07/14/2017	82.2	9.51	8.64
07/17/2017	80.27	9.82	8.07
07/18/2017	79.14	9.89	9.22
07/19/2017	77.96	9.79	8.89
07/20/2017	76.26	9.58	9
07/21/2017	77.86	9.36	7.77
07/24/2017	78.24	9.43	7.87
07/25/2017	79.17	9.43	6.32
07/26/2017	82.34	9.6	7.56
07/27/2017	86.87	10.11	8.39
07/28/2017	87.2	10.29	8.26
07/31/2017	86.76	10.26	8.65
08/01/2017	84.55	10.09	7.7
08/02/2017	86.89	10.28	8.2
08/03/2017	87.66	10.44	8.46
08/04/2017	87.39	10.03	8.9
08/07/2017	90.01	9.93	8.55
08/08/2017	98.68	10.96	9.03
08/09/2017	106.77	11.11	9.09
08/10/2017	135.32	16.04	13.86
08/11/2017	127.43	15.51	12.87
08/14/2017	100.6	12.33	9.6
08/15/2017	96.71	12.04	9.46
08/16/2017	94.82	11.74	9.37
08/17/2017	117.77	15.55	12.82
08/18/2017	114.39	14.26	12.91
08/21/2017	101.39	13.19	11.8
08/22/2017	92.7	11.35	10.04
08/23/2017	98.96	12.25	10.9
08/24/2017	100.26	12.23	11.25
08/25/2017	95.53	11.28	10.28
08/28/2017	96.42	11.32	10.05
08/29/2017	98.79	11.70	9.93
08/30/2017	98.9	11.22	9.75
08/31/2017	94.86	10.59	9.26
09/01/2017	93.6	10.13	8.94
09/05/2017	102.66	12.23	10.84
09/06/2017	99.61	11.63	9.81
09/07/2017	96.29	11.55	9.84
09/08/2017	100.12	12.12	10.76
09/11/2017	93.66	10.73	8.74
09/12/2017	92.39	10.58	8.29
09/13/2017	90.89	10.50	8.16
09/14/2017	92.09	10.44	8.29
09/15/2017	90.63	10.17	7.80
09/18/2017	90.46	10.15	7.82
09/19/2017	91.22	10.18	8.01
09/20/2017	90.91	9.78	7.85
09/21/2017	92.32	9.67	7.91
09/22/2017	93.29	9.59	7.89
09/25/2017	96.4	10.21	8.18
09/26/2017	94.81	10.17	8.49
09/27/2017	95.36	9.87	8.42
09/28/2017	94.1	9.55	8.12
09/29/2017	93.14	9.51	7.87
10/02/2017	92.48	9.45	7.47
10/03/2017	91.59	9.51	7.70
10/04/2017	92.12	9.63	7.78
10/05/2017	91.79	9.19	7.63
10/06/2017	97.09	9.65	7.85
10/09/2017	101.83	10.33	8.07
10/10/2017	97.33	10.08	7.86
10/11/2017	99.22	9.85	7.54
10/12/2017	97.77	9.91	8.05
10/13/2017	97.8	9.61	7.57
10/16/2017	97.65	9.91	7.37
10/17/2017	98.74	10.31	7.40
10/18/2017	94.34	10.07	7.53
10/19/2017	93.33	10.05	7.84
10/20/2017	90.53	9.97	7.54
10/23/2017	97.09	11.07	8.72
10/24/2017	98.43	11.16	7.97
10/25/2017	100.16	11.23	9.65
10/26/2017	97.73	11.30	9.32
10/27/2017	92.78	9.80	8.27
10/30/2017	95.19	10.50	8.69
10/31/2017	92.01	10.18	8.62
11/01/2017	92	10.20	8.85
11/02/2017	91.48	9.93	8.78
11/03/2017	89.68	9.14	8.09
11/06/2017	91.25	9.40	8.08
11/07/2017	93.45	9.89	8.63
11/08/2017	97.74	9.78	8.35
11/09/2017	98.82	10.50	9.26
11/10/2017	104.76	11.29	9.80
11/13/2017	106.3	11.50	9.94
11/14/2017	103.18	11.59	9.82
11/15/2017	106.27	13.13	11.36
11/16/2017	100.15	11.76	9.48
11/17/2017	97.12	11.43	9.75
11/20/2017	93.76	10.65	8.91
11/21/2017	89.27	9.73	8.13
11/22/2017	86.42	9.88	8.12
11/24/2017	86.32	9.67	8.51
11/27/2017	86.58	9.87	8.64
11/28/2017	85.73	10.03	9.03
11/29/2017	89.57	10.70	9.78
11/30/2017	89.94	11.28	10.36
12/01/2017	95.03	11.43	10.86
12/04/2017	97.57	11.68	10.46
12/05/2017	97.95	11.33	9.92
12/06/2017	98.17	11.02	9.71
12/07/2017	95.83	10.16	9.56
12/08/2017	91.89	9.58	8.54
12/11/2017	92.06	9.34	7.76
12/12/2017	93.27	9.92	8.33
12/13/2017	95.56	10.18	8.56
12/14/2017	96.07	10.49	8.69
12/15/2017	92.2	9.42	7.88
12/18/2017	90.64	9.53	7.96
12/19/2017	93.58	10.03	8.52
12/20/2017	92.86	9.72	8.40
12/21/2017	92.21	9.62	8.33
12/22/2017	94.9	9.90	8.45
12/26/2017	97.56	10.25	7.83
12/27/2017	97.08	10.47	8.90
12/28/2017	97.25	10.18	8.43
12/29/2017	100.76	11.04	9.46
01/02/2018	97.36	9.77	8.16
01/03/2018	94.4	9.15	7.99
01/04/2018	94.21	9.22	8.32
01/05/2018	93.1	9.22	8.56
01/08/2018	93.97	9.52	8.61
01/09/2018	94.74	10.08	9.19
01/10/2018	93.7	9.82	8.74
01/11/2018	92.24	9.88	8.88
01/12/2018	92.22	10.16	9.30
01/16/2018	106.49	11.66	10.80
01/17/2018	102.46	11.91	10.83
01/18/2018	103.68	12.22	11.04
01/19/2018	101.59	11.27	10.41
01/22/2018	99.68	11.03	10.05
01/23/2018	98.59	11.10	10.45
01/24/2018	99.77	11.47	11.36
01/25/2018	101.78	11.58	11.51
01/26/2018	98.65	11.08	11.47
01/29/2018	110.01	13.84	13.81
01/30/2018	113.48	14.79	14.54
01/31/2018	108.41	13.54	13.77
02/01/2018	105.77	13.47	13.44
02/02/2018	125.51	17.31	16.82
02/05/2018	177.34	37.32	35.94
02/06/2018	161.12	29.98	24.93
02/07/2018	159.03	27.73	21.00
02/08/2018	180.61	33.46	32.36
02/09/2018	167.28	29.06	26.16
02/12/2018	140.8	25.61	21.09
02/13/2018	136.58	24.97	20.30
02/14/2018	124.49	19.26	17.55
02/15/2018	122.76	19.13	17.26
02/16/2018	121.2	19.46	17.38
02/20/2018	122.58	20.60	18.20
02/21/2018	125.73	20.02	18.21
02/22/2018	116.98	18.72	17.77
02/23/2018	110.19	16.49	14.92
02/26/2018	107.68	15.80	14.21
02/27/2018	119.5	18.59	16.85
02/28/2018	121.7	19.85	18.14
03/01/2018	128.14	22.47	20.44
03/02/2018	114.78	19.59	19.08
03/05/2018	109.66	18.73	16.98
03/06/2018	104.61	18.36	16.75
03/07/2018	99.49	17.76	16.69
03/08/2018	96.92	16.54	16.13
03/09/2018	99.71	14.64	13.91
03/12/2018	104.94	15.78	14.07
03/13/2018	107.04	16.35	14.84
03/14/2018	110.29	17.23	15.41
03/15/2018	109.28	16.59	14.73
03/16/2018	106.49	15.80	14.11
03/19/2018	112.92	19.02	17.04
03/20/2018	107.13	18.20	16.44
03/21/2018	106.6	17.86	16.70
03/22/2018	125.12	23.34	22.11
03/23/2018	129.82	24.87	24.70
03/26/2018	113.08	21.03	20.18
03/27/2018	118.61	22.50	22.88
03/28/2018	114.02	22.87	23.79
03/29/2018	103.32	19.97	22.05
04/02/2018	111.67	23.62	25.32
04/03/2018	102.06	21.10	22.81
04/04/2018	95.44	20.06	21.90
04/05/2018	92.21	18.94	19.98
04/06/2018	98.6	21.49	22.93
04/09/2018	100.24	21.77	22.82
04/10/2018	98.21	20.47	21.16
04/11/2018	100.02	20.24	20.81
04/12/2018	98.08	18.49	19.29
04/13/2018	93.94	17.41	17.89
04/16/2018	93.22	16.56	16.19
04/17/2018	89.59	15.25	14.41
04/18/2018	92.41	15.60	14.63
04/19/2018	95.38	15.96	15.26
04/20/2018	99.21	16.88	16.72
04/23/2018	96.87	16.34	16.21
04/24/2018	100.81	18.02	18.38
04/25/2018	97.8	17.84	18.57
04/26/2018	90.71	16.24	16.92
04/27/2018	92.15	15.41	15.82
04/30/2018	94.3	15.93	16.30
05/01/2018	89.97	15.49	15.53
05/02/2018	93.79	15.97	16.74
05/03/2018	91.07	15.90	16.50
05/04/2018	88.12	14.77	15.26
05/07/2018	90.71	14.75	14.91
05/08/2018	89.5	14.71	14.71
05/09/2018	93.89	13.42	13.88
05/10/2018	93.02	13.23	13.21
05/11/2018	90.03	12.65	12.57
05/14/2018	92.62	12.93	12.37
05/15/2018	99.18	14.63	13.69
05/16/2018	94.79	13.42	12.94
05/17/2018	93.48	13.43	12.98
05/18/2018	94.76	13.42	13.31
05/21/2018	91.04	13.08	12.18
05/22/2018	90.47	13.22	12.46
05/23/2018	89.8	12.58	11.82
05/24/2018	90.64	12.53	10.53
05/25/2018	93.78	13.22	12.74
05/29/2018	108.67	17.02	15.41
05/30/2018	99.08	14.94	13.56
05/31/2018	100.63	15.43	13.98
06/01/2018	93.3	13.46	12.52
06/04/2018	90.83	12.74	11.84
06/05/2018	89.84	12.40	11.88
06/06/2018	88.12	11.64	11.38
06/07/2018	91.28	12.13	11.73
06/08/2018	93.49	12.18	11.33
06/11/2018	94.54	12.35	11.01
06/12/2018	95.71	12.34	11.07
06/13/2018	100.01	12.94	11.83
06/14/2018	98.21	12.12	10.51
06/15/2018	101.66	11.98	11.01
06/18/2018	99.87	12.31	11.18
06/19/2018	104.13	13.35	11.47
06/20/2018	98.51	12.79	11.81
06/21/2018	107.45	14.64	13.44
06/22/2018	102.49	13.77	12.85
06/25/2018	114.32	17.33	15.80
06/26/2018	107.52	15.92	15.20
06/27/2018	112.75	17.91	17.29
06/28/2018	108.88	16.85	16.18
06/29/2018	105.97	16.09	15.26
07/02/2018	104.8	15.6	14.49
07/03/2018	108.5	16.14	15.34
07/05/2018	103.22	14.97	14.96
07/06/2018	95.74	13.37	12.71
07/09/2018	94.16	12.69	11.13
07/10/2018	91.96	12.64	11.51
07/11/2018	104.5	13.63	12.44
07/12/2018	100.82	12.58	11.44
07/13/2018	99.81	12.18	11.06
07/16/2018	100.95	12.83	11.08
07/17/2018	98.56	12.06	11.01
07/18/2018	98.08	12.1	10.62
07/19/2018	100.58	12.87	11.36
07/20/2018	102.76	12.86	11.41
07/23/2018	102.04	12.62	10.91
07/24/2018	98.68	12.41	11.02
07/25/2018	94.2	12.29	10.55
07/26/2018	91.66	12.14	11.23
07/27/2018	97.15	13.03	11.54
07/30/2018	101.41	14.26	12.87
07/31/2018	94.13	12.83	11.59
08/01/2018	95.28	13.15	11.63
08/02/2018	91.66	12.19	10.86
08/03/2018	86.6	11.64	10.14
08/06/2018	84.66	11.27	9.68
08/07/2018	83.21	10.93	9.77
08/08/2018	84.42	10.85	9.7
08/09/2018	88.69	11.27	10.13
08/10/2018	99.07	13.16	11.85
08/13/2018	107.78	14.78	12.14
08/14/2018	100.34	13.31	11.26
08/15/2018	111.13	14.64	13.03
08/16/2018	103.49	13.45	11.94
08/17/2018	101.81	12.64	11.19
08/20/2018	100.77	12.49	11.06
08/21/2018	101.56	12.86	10.94
08/22/2018	95.72	12.25	10.81
08/23/2018	95.92	12.41	11.04
08/24/2018	93.95	11.99	10.98
08/27/2018	93.39	12.16	10.17
08/28/2018	92.31	12.5	10.59
08/29/2018	91.1	12.25	10.62
08/30/2018	95.11	13.53	11.68
08/31/2018	92.73	12.86	11.16
09/04/2018	95.23	13.16	11.15
09/05/2018	97.94	13.91	12.38
09/06/2018	101.36	14.65	12.88
09/07/2018	102.38	14.88	13.66
09/10/2018	100.38	14.16	12.47
09/11/2018	96.44	13.22	11.58
09/12/2018	97.24	13.14	11.32
09/13/2018	91.06	12.37	10.66
09/14/2018	88.07	12.07	10.8
09/17/2018	96.34	13.68	11.86
09/18/2018	92.49	12.79	11.38
09/19/2018	88.18	11.75	10.65
09/20/2018	87.31	11.8	10.67
09/21/2018	90.2	11.68	10.89
09/24/2018	91.51	12.2	11.11
09/25/2018	91.07	12.42	11.36
09/26/2018	91.56	12.89	11.93
09/27/2018	87.66	12.41	11.68
09/28/2018	87.31	12.12	11.3
10/01/2018	86.97	12	11
10/02/2018	88.12	12.05	11.18
10/03/2018	85.8	11.61	11.55
10/04/2018	99.44	14.22	14.07
10/05/2018	102.63	14.82	15.26
10/08/2018	102.74	15.69	14.88
10/09/2018	103.92	15.95	15.36
10/10/2018	135.61	22.96	22.53
10/11/2018	129.3	24.98	26.89
10/12/2018	124.81	21.31	21.16
10/15/2018	118.78	21.3	21.05
10/16/2018	111.78	17.62	17.31
10/17/2018	109.28	17.4	17.21
10/18/2018	116.82	20.06	20.08
10/19/2018	114.95	19.89	20.06
10/22/2018	112.15	19.64	19.82
10/23/2018	108.71	20.71	21.57
10/24/2018	118.58	25.23	26.81
10/25/2018	113.91	24.22	25.38
10/26/2018	110.49	24.16	27.18
10/29/2018	110.39	24.7	27.28
10/30/2018	106.08	23.35	25.47
10/31/2018	102.9	21.23	23.57
11/01/2018	99.57	19.34	21.25
11/02/2018	102.38	19.51	22.56
11/05/2018	101.83	19.96	21.55
11/06/2018	102.48	19.91	20.8
11/07/2018	95.75	16.36	16.72
11/08/2018	95.4	16.72	16.91
11/09/2018	100.55	17.36	18.09
11/12/2018	107.77	20.45	21
11/13/2018	105.32	20.02	21.45
11/14/2018	111.42	21.25	22.15
11/15/2018	107.38	19.98	21.51
11/16/2018	101.93	18.14	19.94
11/19/2018	107.13	20.1	21.88
11/20/2018	107.61	22.48	24.02
11/21/2018	100.27	20.8	22.48
11/23/2018	99.29	21.52	23.76
11/26/2018	92.17	18.9	20.39
11/27/2018	91.54	19.02	21.12
11/28/2018	93.55	18.49	20.28
11/29/2018	93.36	18.79	21.35
11/30/2018	93.59	18.07	20.75
12/03/2018	85.87	16.44	17.87
12/04/2018	96.57	20.74	22.96
12/06/2018	93.85	21.19	23.53
12/07/2018	96.49	23.23	27.13
12/10/2018	91.78	22.64	24.5
12/11/2018	89.77	21.76	24.38
12/12/2018	91.41	21.46	23.56
12/13/2018	93	20.65	22.52
12/14/2018	96.45	21.63	23.95
12/17/2018	101.55	24.52	25.98
12/18/2018	103.64	25.58	26.26
12/19/2018	105.05	25.58	26.42
12/20/2018	109.65	28.38	30.05
12/21/2018	106.61	30.11	32.11
12/24/2018	111.88	36.07	37.34
12/26/2018	97.32	30.41	32.83
12/27/2018	95.89	29.96	33.99
12/28/2018	91.24	28.34	31.64
12/31/2018	87.11	25.42	28.18
01/02/2019	81.66	23.22	25.14
01/03/2019	83.8	25.45	28.26
01/04/2019	84.44	21.38	24.38
01/07/2019	82.74	21.4	23.08
01/08/2019	82.41	20.47	22.3
01/09/2019	86.62	19.98	21.4
01/10/2019	86.35	19.5	21.14
01/11/2019	83.85	18.19	19.45
01/14/2019	83.01	19.07	19.61
01/15/2019	81.39	18.6	18.16
01/16/2019	83.34	19.04	18.33
01/17/2019	82.79	18.06	17.65
01/18/2019	82.49	17.8	17.76
01/22/2019	93.81	20.8	21.19
01/23/2019	88.45	19.52	20.14
01/24/2019	84.89	18.89	19.38
01/25/2019	83.38	17.42	18.25
01/28/2019	86.44	18.87	19.74
01/29/2019	86.84	19.13	20.1
01/30/2019	82.39	17.66	18.47
01/31/2019	79.24	16.57	17.1
02/01/2019	80	16.14	16.67
02/04/2019	77.36	15.73	15.07
02/05/2019	80.62	15.57	15.3
02/06/2019	84.99	15.38	15.28
02/07/2019	85.01	16.37	16.79
02/08/2019	82.7	15.72	16.3
02/11/2019	82.77	15.97	16.52
02/12/2019	81.63	15.43	15.65
02/13/2019	80.27	15.65	15.91
02/14/2019	81.64	16.22	16.31
02/15/2019	80.45	14.91	15.18
02/19/2019	78.64	14.88	15.08
02/20/2019	75.59	14.02	14.32
02/21/2019	76.64	14.46	14.86
02/22/2019	74.98	13.51	13.87
02/25/2019	79.35	14.85	14.18
02/26/2019	80.53	15.17	14.34
02/27/2019	80.37	14.7	14.32
02/28/2019	80	14.78	14.51
03/01/2019	79.27	13.57	12.88
03/04/2019	82.34	14.63	13.69
03/05/2019	82.46	14.74	14.19
03/06/2019	86.1	15.74	15.19
03/07/2019	88.7	16.59	17.1
03/08/2019	87.24	16.05	16.12
03/11/2019	81.23	14.33	14.21
03/12/2019	83.06	13.77	13.42
03/13/2019	82.76	13.41	13.15
03/14/2019	82.56	13.5	13.4
03/15/2019	82.94	12.88	12.14
03/18/2019	85.52	13.1	13.02
03/19/2019	87.36	13.56	14
03/20/2019	86.63	13.91	14.31
03/21/2019	83.89	13.63	14.4
03/22/2019	98.5	16.48	17.26
03/25/2019	97.2	16.33	17.81
03/26/2019	89.85	14.68	15.81
03/27/2019	91.34	15.15	16.76
03/28/2019	87.95	14.43	15.67
03/29/2019	85.82	13.71	14.02
04/01/2019	84.93	13.4	13.4
04/02/2019	83.28	13.36	13.11
04/03/2019	84.23	13.74	13.66
04/04/2019	82.15	13.58	13.48
04/05/2019	79.1	12.82	12.23
04/08/2019	81.86	13.18	12.36
04/09/2019	88.14	14.28	13.53
04/10/2019	89.49	13.3	12.81
04/11/2019	88.06	13.02	12.78
04/12/2019	84.98	12.01	11.74
04/15/2019	84.17	12.32	11.89
04/16/2019	83.58	12.18	12
04/17/2019	85.55	12.6	12.58
04/18/2019	84.41	12.09	12.04
04/22/2019	83.27	12.42	12.09
04/23/2019	81.43	12.28	11.86
04/24/2019	85.17	13.14	12.66
04/25/2019	86.94	13.25	12.83
04/26/2019	84.12	12.73	12.21
04/29/2019	86.08	13.11	12.27
04/30/2019	88.56	13.12	12.44
05/01/2019	95.75	14.8	13.98
05/02/2019	93.02	14.42	14.16
05/03/2019	86.23	12.87	12.65
05/06/2019	94.85	15.44	14.79
05/07/2019	111.54	19.32	20.98
05/08/2019	106.48	19.4	21.08
05/09/2019	102.92	19.1	21.87
05/10/2019	96.01	16.04	18
05/13/2019	105.6	20.55	21.19
05/14/2019	97.26	18.06	19.52
05/15/2019	94.53	16.44	17.65
05/16/2019	94.23	15.29	16.19
05/17/2019	99.12	15.96	17.03
05/20/2019	96.83	16.31	17.7
05/21/2019	92.38	14.95	15.93
05/22/2019	89.3	14.75	16.03
05/23/2019	94.98	16.92	18.5
05/24/2019	90.19	15.85	18.01
05/28/2019	95.08	17.5	19.25
05/29/2019	93.83	17.9	19.71
05/30/2019	92.78	17.3	19.42
05/31/2019	96.72	18.71	20.98
06/03/2019	96.03	18.86	20.64
06/04/2019	88.93	16.97	18.61
06/05/2019	86.72	16.09	17.62
06/06/2019	84.84	15.93	16.99
06/07/2019	86	16.3	17.39
06/10/2019	83.86	15.94	16.57
06/11/2019	84.95	15.99	17.07
06/12/2019	86.2	15.91	16.79
06/13/2019	84.73	15.82	17.28
06/14/2019	82.57	15.28	16.61
06/17/2019	83.48	15.35	16.42
06/18/2019	87.37	15.15	16.03
06/19/2019	84.58	14.33	15.29
06/20/2019	81.21	14.75	15.3
06/21/2019	83.14	15.4	16.29
06/24/2019	82.59	15.26	15.76
06/25/2019	85.16	16.28	17.15
06/26/2019	85.39	16.21	17.01
06/27/2019	86.52	15.82	16.93
06/28/2019	85.78	15.08	16.03
07/01/2019	79.58	14.06	13.53
07/02/2019	78.22	12.93	12.13
07/03/2019	80.04	12.57	11.94
07/05/2019	79.78	13.28	12.59
07/08/2019	83.66	13.96	12.89
07/09/2019	82.31	14.09	13.53
07/10/2019	85.97	13.03	12.59
07/11/2019	88.2	12.93	12.71
07/12/2019	86.14	12.39	12.24
07/15/2019	86.2	12.68	12.24
07/16/2019	88.25	12.86	12.46
07/17/2019	90.35	13.97	13.98
07/18/2019	84.04	13.53	13.47
07/19/2019	86.77	14.45	14.52
07/22/2019	81.22	13.53	13.07
07/23/2019	78.99	12.61	12.61
07/24/2019	83.89	12.07	12.19
07/25/2019	84.3	12.74	12.91
07/26/2019	83.11	12.16	12.33
07/29/2019	88.16		
07/30/2019	91.58		
07/31/2019	96.28		
08/01/2019	105.47		
08/02/2019	102.69		
08/05/2019	114.4		
08/06/2019	107.45		
08/07/2019	104.27		
08/08/2019	98.66		
08/09/2019	101.52		
08/12/2019	110.31		
08/13/2019	102.21		
08/14/2019	113.99		
08/15/2019	112.26		
08/16/2019	110.32		
08/19/2019	101.22		
08/20/2019	104.77		
08/21/2019	98.03		
08/22/2019	100.94		
08/23/2019	111.37		
08/26/2019	106.27		
08/27/2019	106.49		
08/28/2019	103.95		
08/29/2019	99.8		
08/30/2019	102.66		
09/03/2019	102.19		
09/04/2019	97.3		
09/05/2019	95.51		
09/06/2019	94.4		
09/09/2019	94.5		
09/10/2019	94.12		
09/11/2019	97.79		
09/12/2019	95.94		
09/13/2019	98.93		
09/16/2019	101.73		
09/17/2019	101.67		
09/18/2019	99.09		
09/19/2019	97.3		
09/20/2019	101.03		
09/23/2019	97.6		
09/24/2019	104.96		
09/25/2019	99.68		
09/26/2019	100.31		
09/27/2019	103.2		
09/30/2019	97.62		
10/01/2019	102.74		
10/02/2019	103.81		
10/03/2019	98.2		
10/04/2019	95.19		
10/07/2019	97.04		
10/08/2019	102.27		
10/09/2019	101.25		
10/10/2019	99.66		
10/11/2019	97.7		
10/14/2019	94.43		
10/15/2019	93.98		
10/16/2019	93.16		
10/17/2019	90.27		
10/18/2019	91.2		
10/21/2019	87.29		
10/22/2019	89.32		
10/23/2019	87.59		
10/24/2019	86.55		
10/25/2019	83.82		
10/28/2019	86.48		
10/29/2019	87.75		
10/30/2019	86.47		
10/31/2019	88.92		
11/01/2019	85.69		
11/04/2019	88.75		
11/05/2019	90.98		
11/06/2019	89.59		
11/07/2019	90.15		
11/08/2019	89.06		
11/11/2019	89.56		
11/12/2019	90.35		
11/13/2019	93.5		
11/14/2019	93.45		
11/15/2019	93.35		
11/18/2019	93.99		
11/19/2019	95.95		
11/20/2019	95.36		
11/21/2019	96.09		
11/22/2019	94.4		
11/25/2019	90.24		
11/26/2019	89.88		
11/27/2019	90.2		
11/29/2019	91.05		
12/02/2019	98.91		
12/03/2019	102.65		
12/04/2019	98.72		
12/05/2019	98.12		
12/06/2019	96.52		
12/09/2019	101.89		
12/10/2019	101.03		
12/11/2019	104.82		
12/12/2019	101.3		
12/13/2019	96.61		
12/16/2019	94.21		
12/17/2019	98.56		
12/18/2019	99.2		
12/19/2019	97.25		
12/20/2019	99.29		
12/23/2019	99.82		
12/24/2019	98.83		
12/26/2019	97.46		
12/27/2019	99.63		
12/30/2019	100.02		
12/31/2019	94.1		
01/02/2020	89.67		
01/03/2020	93.79		
01/06/2020	92.66		
01/07/2020	91.07		
01/08/2020	90.21		
01/09/2020	87.81		
01/10/2020	88.33		
01/13/2020	88.48		
01/14/2020	86.87		
01/15/2020	91.15		
01/16/2020	90.38		
01/17/2020	91.75		
01/21/2020	92.98		
01/22/2020	91.11		
01/23/2020	92.54		
01/24/2020	98.43		
